10000
1 1528
1 2008
2008 8113
1 1509
1509 9349
1528 652
9349 9861
9861 5769
9349 2083
9861 2292
9349 7943
5769 2462
9861 1184
9861 1981
1509 9007
9349 927
2462 2693
1981 1195
2462 5369
2462 4978
2292 3836
9349 2085
9007 4948
1195 8103
8103 1843
9861 9445
1195 858
1195 60
652 5646
8113 8932
7943 2247
1 374
60 210
858 1688
1528 6405
652 1645
1645 3609
1843 459
7943 769
9007 2725
5769 6690
2292 5626
858 1678
2008 7296
1 8278
2725 5113
769 3252
5646 6769
8278 6079
1981 4129
5369 3062
8932 1456
858 1410
652 6571
4978 4691
1843 7216
1528 2642
1678 5487
1678 234
1509 1874
3252 918
2247 8710
2693 1064
5626 7710
1184 8949
8113 1487
1509 7560
6769 1485
4948 3869
374 7476
8278 7329
7560 6165
2693 5353
7216 4365
2292 5147
1874 2996
8949 4801
1645 1432
1645 9257
5769 603
603 5617
4978 4226
4129 785
9257 1414
7476 8632
1843 2460
1843 1024
6405 5781
2085 5649
4691 9787
8113 8435
1528 6736
1528 1035
1456 7233
1024 1946
5353 1587
6690 6891
4226 919
7560 3973
3973 6605
1528 1388
1688 3994
652 5658
5626 9087
603 8272
1 2513
9257 643
7296 7967
1432 8915
9349 3284
1645 1637
6079 6540
1637 1627
1678 6601
60 9096
9257 1425
7296 1832
5781 3150
3836 5605
1064 4888
60 9074
7476 8639
3062 6045
7476 1278
5369 2478
7560 2231
4888 1372
652 7226
918 6431
1414 2518
6405 3350
6540 6936
8103 727
4948 7908
9074 9664
9445 4674
5369 4967
7216 7486
6891 350
8710 7124
5605 9319
8278 6632
785 5136
6571 8187
1414 1697
7560 5930
2008 879
9087 6781
6781 6764
1388 1863
2008 7440
8187 9162
8932 3934
5658 803
2693 412
3994 8735
5617 2229
1645 8010
603 1735
7124 3431
1487 2893
7440 9926
1587 4051
1863 465
6165 2786
5369 4735
3973 9751
7486 2147
9162 1742
1035 3259
3836 7096
7560 2099
5930 1086
8932 4255
1981 7339
1697 9449
1735 2776
4735 7156
2725 2684
1 3599
2693 2765
4801 2331
5781 5078
6769 9832
9926 8396
1637 1983
459 5808
2725 5812
6936 423
6045 9019
8710 2658
8710 5642
4691 1919
803 6166
7124 7725
2147 4562
3259 4974
7710 3065
7233 9583
1637 4577
5646 5068
1919 7062
2229 6380
3252 4594
2893 2517
6769 5524
5353 6102
5930 612
769 5415
423 1642
3062 7796
6045 7655
6764 2348
2513 1426
6936 413
9664 1545
1184 489
2460 7844
5353 2977
5524 5906
6736 619
3836 3009
7226 263
7908 9275
1425 2341
2518 7746
1843 2557
4691 33
3836 1672
8103 1345
8949 9386
350 8336
5136 7919
1456 2829
1678 7402
7908 6344
5626 5489
1426 6550
8915 5917
60 2236
1487 167
7967 992
803 5949
1946 8208
2642 8234
2693 2601
6540 5698
7233 2054
727 1691
4577 526
1946 5819
210 2197
2513 9359
9349 4233
1545 7523
2231 3367
1843 6393
4051 4381
5487 3470
2099 1233
5930 683
603 1539
374 6224
6571 6110
7486 3658
1688 1247
3062 5776
9359 2514
4691 8574
858 3655
1425 4494
2083 4791
3062 886
7844 3177
2331 3953
1247 787
210 3041
2147 9635
612 9369
3150 3106
3252 6578
1946 9025
1388 1855
2776 1655
412 398
8208 878
2231 578
234 9412
5649 2889
7486 9450
3431 8736
7402 8525
1184 9333
3367 8655
4948 458
2642 4366
7655 7962
2348 6539
6601 3823
1035 7602
2460 3154
7216 8709
2725 46
2601 1825
1233 4686
8396 9996
4226 8644
6166 5173
3367 2165
398 2524
7560 119
8113 8846
9583 6485
5136 5779
8709 2011
2765 7320
3599 3676
3994 3345
3106 8711
2889 6634
7062 1150
578 2194
412 9719
1432 153
6578 5162
5769 8376
526 5613
2601 3133
4562 4223
7296 2055
9359 797
9926 328
1035 4767
5617 5226
9319 6611
1426 7335
3823 5575
5649 9194
2055 2254
6102 3160
8187 9345
769 5365
4494 9776
3869 3712
7967 5801
1688 6414
9275 6432
2776 2670
1247 5562
5776 9805
2518 7835
9449 3848
2518 2310
7908 9961
927 8453
1981 6389
3106 2781
7523 1881
6550 5883
5415 7681
7329 9291
6571 9510
3284 9292
210 2925
6601 8627
46 2552
5078 8509
2601 4643
2147 782
879 8858
1691 3010
6736 825
1691 6299
3160 3866
1637 1111
2517 2970
4791 3812
4735 3561
8949 9902
3836 8300
1388 3521
2008 4112
9961 4950
3812 2847
7560 9621
2229 1862
1742 2190
5369 2006
7725 58
5930 8990
9510 685
1278 7770
4674 5233
6891 8158
619 4836
5649 2505
992 2859
1487 2868
2725 1451
3953 2037
4948 431
5489 4334
8858 8712
1024 1804
1832 9120
9902 6315
1983 7911
2460 7170
2310 6973
413 8692
6605 6577
6299 9916
5226 4106
2670 4897
6611 2210
5819 2281
6166 7810
6405 7470
2601 7139
6605 6758
60 3796
858 6618
210 4370
6578 457
7226 3013
8010 5911
2514 9816
2292 5266
1825 2258
1345 3580
4366 1952
2099 4456
4594 5746
4594 9811
5658 4157
6540 245
374 1323
6315 2196
2236 7190
6736 7780
8010 638
6736 4335
5068 3325
2194 3872
9162 897
526 5828
2292 2712
5930 7926
2348 6666
8103 3635
2518 4700
1425 5537
4456 5836
6634 567
2462 116
7320 1850
458 4246
2083 4004
5769 9590
167 2287
6389 3228
6758 8257
3869 1580
9719 4571
6431 6793
3823 847
3252 9046
2765 5351
9719 889
1425 1960
7329 6623
7746 3588
9916 3467
3009 189
3676 3908
7725 2408
1388 342
6102 1631
3431 2516
6102 8588
2684 434
58 4530
5642 8695
3228 6480
9007 2621
7919 24
8257 8259
5113 562
2557 5945
1631 2279
489 947
9445 1404
9120 2066
4974 8814
8709 515
6736 1132
5605 610
7470 1505
1919 341
797 8061
2925 6858
5351 4505
562 5064
153 7430
9319 2482
1404 4794
9449 9274
8858 9081
1323 5971
7486 5504
5776 4903
4967 298
2478 3765
1184 8490
210 4416
458 6132
2684 6308
4004 7107
8990 6312
2147 1298
9816 8151
2684 2052
8711 4733
1345 2300
7216 9741
7190 2736
3836 9585
1509 3218
4733 1575
5562 2840
3345 3161
9386 9097
6973 105
6110 9233
9787 4192
8588 2694
8695 1658
2505 3520
4733 7925
6312 6583
5537 8552
2514 1321
4505 1346
431 2726
7844 1498
8453 5214
1111 4540
4950 2596
610 7680
4456 1908
3062 4708
8272 8042
825 3790
7655 2911
1150 7831
5266 8264
245 2242
2287 8012
5945 9952
2552 9039
9590 6821
918 7773
6110 8646
2008 5193
4691 5530
6405 473
4157 7639
947 1872
9902 1646
782 9117
9635 6500
1850 6937
2279 7193
4643 3024
8012 9755
3013 874
3765 3183
1539 1618
787 82
2254 2007
9233 9971
9445 5670
9039 6465
797 5722
1425 2951
5836 6147
9025 293
1150 9167
1372 6232
5489 1745
7602 8165
6389 3313
7926 6029
3520 7724
2726 1681
1631 5940
3635 9629
2524 8241
5524 7730
7919 3990
4226 1989
4674 7181
9787 8778
797 4075
3218 2775
3609 4772
6344 1453
2505 9037
3790 2618
2516 2473
2348 4464
1485 7362
2518 8441
1735 3504
4897 1903
9120 2696
1946 3568
2242 6012
1832 5125
7486 2978
398 6771
2925 2337
1862 4179
7911 3336
1631 1050
562 1435
7476 8669
8042 3685
8158 1826
1919 6321
9412 3072
918 805
8669 4026
3599 5620
6601 1017
5776 4551
878 3960
7335 4558
7746 4751
3812 8393
431 597
947 5339
7639 7924
685 4823
889 1130
9926 6943
4794 8787
7476 9396
5779 555
9816 4262
7362 6974
1528 4898
9292 6295
1017 1319
5626 38
1691 9103
7796 1609
153 4719
3345 4431
6029 3037
6224 3881
2408 5149
683 363
2055 6892
6465 6617
8393 4748
7476 6902
6299 7343
5266 6814
6321 2431
4051 5606
33 2582
3836 5422
7096 9826
2696 3767
9585 2718
9319 3540
5339 687
2099 2469
4026 3978
4106 1671
1587 5016
3161 3436
2341 7583
947 4697
597 7574
8552 5543
6550 8147
5266 4695
1372 995
6902 588
1609 5901
9445 4886
3350 8117
6736 3648
5068 8919
6485 1333
9291 2432
1456 2865
2348 4043
33 73
1132 1059
6029 2453
1372 2782
2552 7864
2970 8489
4026 2773
2618 2053
4075 8578
3041 1604
2516 5918
2776 2112
3154 2138
1863 5044
2513 9754
2865 6564
6936 4210
4365 7317
1432 2806
7402 295
9583 4887
9755 6818
1832 1573
1130 2413
4456 1649
2859 549
2684 4615
1637 1080
5266 2152
1111 9272
350 7355
7835 3546
1064 9770
363 5477
6295 6622
3881 7624
4772 1496
3676 657
2478 2675
5524 774
2007 6895
46 4554
7233 4406
3009 6519
9861 4764
5530 3359
7962 8207
6858 4389
3161 4981
1435 4656
6315 2023
5365 8511
5136 9259
5605 4953
9096 9708
3521 4268
1323 3541
7780 1454
6312 7332
2210 589
6480 4949
5193 3186
6736 7008
1874 2234
878 9416
8241 8496
652 1143
6892 3575
2977 1448
4255 9022
3133 9910
4370 405
847 6553
3009 746
7216 415
465 3264
293 4462
1580 6264
2053 8752
1989 6262
4026 4245
8627 611
4697 9578
9755 1801
2247 7187
3062 2496
1735 9082
4719 950
9087 1955
5044 1058
6771 3330
3367 6422
7335 9709
1035 9313
9039 5627
82 4303
1658 358
2242 126
4026 1794
4577 9298
2765 6639
515 3582
9359 1965
3521 8732
8435 8015
7470 5430
3467 9808
992 9960
7574 3678
1832 9076
2514 3941
8632 5360
6414 1071
2460 9476
7770 5590
1983 8643
7523 1087
2505 1610
398 924
2006 45
6578 1756
4594 2383
2279 1712
1454 386
2865 1427
5233 907
8915 9055
7831 6179
9349 737
1965 2227
889 7742
4887 67
6577 3104
4334 525
5430 4478
1448 2184
7343 3774
1184 4958
9081 5191
2229 7699
7724 8323
6895 7202
774 4132
1058 1395
4887 9317
4886 2088
3106 2682
1150 3399
1 260
5901 4337
33 1463
858 5771
4462 4493
9117 6148
459 9784
5930 2663
652 533
5339 3333
7062 6731
328 2252
3186 7809
7332 1449
3013 9266
9826 1683
4577 3219
5562 1164
4751 5442
5971 3868
8710 5486
3934 9102
7329 2661
8453 3787
5949 1251
1345 332
5442 2094
1278 7677
358 8220
6632 2709
2341 9934
263 3462
4106 1687
2196 9438
5226 548
4791 5745
6639 3432
9396 1280
1952 5372
1323 3630
7560 3022
328 9704
1164 4323
685 9009
1794 3743
9349 4014
6895 88
7967 3429
5918 8631
3941 1567
8735 6865
1426 4668
8117 9744
9097 63
1333 2917
5136 5143
6262 1048
153 954
1528 6586
9319 3684
1024 4509
3934 7927
9784 264
3630 8429
5642 168
3009 2035
6895 8998
6601 41
4981 1519
7362 3116
3470 5406
9755 3235
6553 2209
1048 9547
6132 1366
2279 5096
3973 6033
3150 1154
5658 2195
6148 3626
1404 7582
1485 7451
1111 5036
8919 3595
1132 2753
4888 1895
2231 4137
6012 3061
3431 2043
7440 1267
1794 2186
2231 8748
3848 4911
4505 279
1825 2515
589 2180
4245 2912
6632 6800
5530 7978
7796 4782
8300 8268
588 4466
7742 9230
897 3710
5918 9494
4794 2140
2053 7420
5776 6588
6539 2541
9333 4620
5422 7257
7710 1168
4782 9746
6405 596
7925 2002
8787 5464
2184 2586
9022 2768
4157 6506
9787 4783
5147 8629
9808 9610
5722 1185
6431 6353
374 3863
889 2389
5745 9346
3787 8115
3848 4890
1697 8337
119 6357
4026 9477
7523 4955
2227 2755
1404 4673
7844 9196
1712 4549
2917 6528
7639 8192
5266 7955
5193 8705
1319 3438
7486 7244
9102 6345
8639 5589
6892 821
8709 9690
1164 2858
6973 9452
2694 354
6012 2848
3061 872
1426 9666
9452 540
5901 8620
5613 9711
4431 8279
3065 8979
41 5958
1323 3961
1185 6853
657 1847
7655 7516
9547 6098
8441 4207
2210 8340
5415 8364
6800 5810
7139 8727
1251 6037
2970 9256
4462 5644
8061 4761
6639 7736
2661 6251
3438 8350
415 8308
9826 6154
5477 818
3022 9286
3432 1808
8165 3257
6793 8938
9832 5591
8115 3015
4886 3880
9230 2654
5918 4482
6224 1368
825 4193
9230 8876
2675 5520
5575 3876
3520 1544
3872 678
3106 912
3540 9734
260 8685
4668 7954
1587 3841
7193 5548
4674 2423
9291 4195
6345 4180
5365 6213
4551 7204
2557 3637
8629 9672
685 8753
5836 9769
9477 439
1874 1275
5036 9620
1604 8444
4335 1782
5771 9134
9690 3799
7736 180
548 2246
1825 4363
5486 4693
2786 2498
5940 3240
3655 4177
6571 2748
8113 2941
9960 6552
803 6141
363 1061
638 3494
9196 2934
73 5856
5226 3045
24 6063
3024 4634
5769 9978
6540 205
6321 2672
9445 3276
4180 553
5606 6545
8712 9737
4950 1374
4686 6346
2383 1352
5801 1389
1395 6621
2389 3127
8525 6279
1604 5833
2925 1858
8710 1543
3024 4263
1321 537
3345 5413
6405 6006
6353 8677
2557 9817
4303 500
9737 8291
8103 9031
2782 518
8113 4395
1587 9228
3462 831
2941 5525
4505 4140
2840 1156
4363 5743
9585 9702
9741 781
4767 6327
2682 9200
2709 2743
6586 1793
1609 175
1414 6999
9978 9109
6393 7213
2524 556
4887 5860
5605 8043
6393 4231
1793 6668
685 8080
3436 3677
8588 268
9046 8975
555 8755
2743 8099
4014 3129
6063 2735
295 2929
6578 9493
8669 1932
2518 6436
8692 941
9416 789
6800 4633
7602 778
8350 2795
1449 2942
7170 7461
2696 7150
3257 2922
6611 3229
5360 8310
1111 7640
685 4925
2281 3646
1989 8759
2996 3528
6380 6954
3037 6688
6690 451
5442 5389
6344 9327
9664 1584
7725 1411
3367 5753
4381 8394
9233 1350
2099 6980
7139 2656
6793 3191
5413 4709
540 3928
3848 1178
6480 2589
6012 4045
6098 9556
3183 6845
7402 479
5214 4154
2138 2206
2341 1679
992 2137
2941 708
7639 5029
423 7121
1435 5048
2083 2573
7181 8637
8015 925
1233 5100
9861 6343
5856 9217
9120 7734
2670 5411
4004 2553
2496 3997
2514 3802
9134 7471
5149 5678
9708 5494
6771 9650
3024 6061
4562 3073
3540 5784
3276 3376
3973 1301
954 1622
3582 3920
2066 5514
2693 3124
3228 5128
652 2015
2053 7100
8975 3378
2684 836
3219 2539
2413 3705
858 3157
3037 3963
1454 8744
5746 9042
6251 3721
897 8439
2934 6082
7335 6503
9650 3769
8949 364
1451 7102
5906 6934
2675 1237
1323 1603
2023 4422
925 1394
7516 9557
7470 1758
2310 5656
38 2373
268 3113
1825 6078
5575 7970
2348 1693
7655 8436
2518 7536
1087 9729
3013 4726
1071 6812
5365 6274
787 4539
4540 9763
8932 4576
295 8229
9412 1979
2682 6811
2977 9551
341 1896
1111 1651
8337 1114
9452 4512
3961 6113
7954 3131
3259 8624
2573 6600
1435 1018
4890 1081
9996 4760
9493 8258
1519 883
7296 5707
4540 5592
2781 9115
6148 3798
1735 6604
4911 1774
8220 7800
2517 8674
9910 2459
4154 9070
3438 6041
7202 7828
4571 4991
3186 8963
5784 2566
5413 7615
8755 2296
5591 8329
6617 8900
4112 2531
874 2185
7430 2290
4782 581
2037 6184
6184 8299
5940 5630
8787 6665
8727 4166
9230 4377
9346 4795
2654 5025
9102 4528
8629 1892
1414 1975
5918 7460
1881 9695
6588 429
4416 3226
4634 6362
6895 2352
263 3279
7810 1537
6736 834
3041 2918
518 2080
5025 762
9816 1821
374 3029
5642 7422
126 2216
6184 1252
1895 4939
9022 3002
3376 1629
8264 4294
879 4032
1058 78
8241 8030
7773 3244
4764 5416
189 3740
9022 5671
6781 3835
5930 2863
831 6713
1697 1776
1683 4435
3684 5704
3521 4257
2782 9735
5589 61
4939 8319
459 6926
5819 7282
6974 3007
1919 166
8732 5178
166 3998
4549 6276
9022 8739
7924 1898
1965 5314
8259 7675
6063 4793
6731 5737
1573 265
8115 1012
6588 3270
8932 32
737 2812
7943 1624
6414 1949
2829 3238
6553 7703
2383 2575
8259 9713
9832 3108
2531 8942
1233 65
405 1039
1111 8854
105 8910
588 9586
1039 5114
9386 3501
7911 1309
1782 4197
1679 4024
9313 4109
553 2764
3160 5928
5617 3987
3350 399
2781 780
1687 310
6345 6589
153 5390
5771 7373
3429 5394
6033 5311
4231 3703
1301 6001
1114 6694
3868 6660
2180 2610
708 2468
7476 283
6098 7785
8394 6728
3279 8398
1267 4219
5360 7672
9547 755
2185 6852
8043 990
6618 5863
3177 5215
4558 5074
9055 6598
341 633
7962 1732
3658 6038
4733 3466
6578 4830
8364 251
4668 1151
6973 2322
912 5865
251 5466
9672 8391
9037 8718
45 1138
1693 824
3276 739
3866 4373
5918 3897
1671 8512
6154 239
2254 3590
4794 6726
1087 2463
3767 1958
1143 1056
4366 582
8147 7439
2514 8558
4207 7298
6800 1055
8310 7687
386 982
3161 1311
5314 173
7008 50
3765 5795
168 4632
4337 2245
6519 2092
2601 1560
5125 3644
6577 6991
1018 6743
9449 9945
1975 9318
3013 5134
4674 2964
5646 3360
5776 5127
3963 2710
1233 2203
3848 2686
175 5175
4697 960
4656 8212
2781 4371
6422 472
3219 5778
1309 6737
7800 419
7420 2604
245 8035
5064 5868
1345 6923
874 1127
4422 3393
8709 4499
4836 2963
7736 1514
8574 6787
4337 8673
4691 4443
6098 5571
7298 3749
5753 1289
4043 6186
3045 7283
2934 7478
1543 6096
4014 2605
7282 2947
4764 3
6769 8384
5606 16
1678 1653
5617 2364
3712 4992
4371 7668
8673 4976
6618 6352
5415 9819
7925 7886
9494 3297
9620 3210
5868 5321
7560 2690
9494 5010
1309 9660
548 4506
1154 7731
1178 9028
4890 1531
205 7377
5394 3095
4294 1668
4953 2212
2085 5248
2978 3697
8512 57
3677 4345
5917 7003
834 6815
9477 3331
2531 8651
5722 6460
8350 2616
1687 3995
3045 1899
4673 2620
9620 6689
1646 5869
7440 6864
4363 9282
9709 7214
9741 1593
2035 2464
789 3730
5064 3262
7460 7708
1368 8385
567 7295
6737 2697
5416 461
597 148
5868 2063
8208 1625
6540 3059
3920 6281
8963 8809
643 9628
6312 1160
6991 1291
63 9966
9737 4881
1593 6477
1374 8379
4733 3275
4177 3729
5769 1546
6769 4312
5524 2004
439 4960
33 4243
2917 4906
3685 8223
9819 5258
3157 2393
167 5412
5113 2545
8010 9941
6618 7891
990 407
265 869
6006 7885
7139 2583
264 2984
73 267
45 2396
879 84
2348 504
1745 6385
6586 9280
9028 2420
3345 8750
2847 433
6736 5017
2473 5359
5833 7364
332 7709
5530 3234
4373 1194
7574 9352
6037 4401
2604 5522
9476 2887
3259 2155
9635 160
2053 7910
7373 8450
3024 7949
5477 447
5390 775
825 1743
3541 3937
8364 3844
4207 4490
6553 5370
1543 4336
3065 3361
4794 432
3848 4657
1625 296
1454 8939
1537 8460
3769 9930
5411 1284
3399 4227
7831 6003
2658 9464
1395 5788
6006 7935
8677 2790
4112 3948
4370 1406
6147 8125
8558 2071
4207 1849
1454 5838
9816 6263
2092 792
9476 6527
2006 8063
897 1772
9751 3370
1655 5200
3210 9554
2196 2815
5906 2920
2912 7266
3104 4822
5592 1382
5422 8316
4898 66
7615 206
4505 2449
239 4409
6621 8037
8115 7641
1801 5563
7296 6125
992 3758
7213 4072
1432 579
2352 1711
119 7779
9751 910
5698 5598
57 7867
1404 4805
5068 8298
537 843
1946 9970
7779 7726
7343 2208
5613 672
3264 7405
9282 4785
8975 7669
6694 6347
295 5192
797 8193
1366 6862
4822 5495
990 569
2573 5574
434 5341
328 6559
7451 1036
2180 222
2964 4796
9621 1812
518 3452
6352 5891
9464 1225
6343 4128
234 2003
7954 2638
4950 1597
589 6236
6600 7234
5520 2442
5722 6335
3297 6398
982 1230
2661 8368
5044 8143
1593 4455
1448 721
803 7505
7955 6518
2539 1740
7770 1773
843 6898
1597 3782
7730 5177
6527 9809
4443 4922
2604 9457
7925 6437
9318 5843
6389 285
4976 9367
3561 6860
8846 7552
9464 1771
4634 7247
2413 6723
5771 5323
8278 7937
6758 5077
950 793
6694 2188
5918 5967
6923 3559
5753 5991
5193 686
7681 2207
9787 3746
8558 7288
7214 2268
3948 403
2432 7331
5192 7901
5958 4276
4991 3213
9910 6978
982 1616
7681 9431
769 8317
5173 8437
1743 3951
7343 4063
537 2965
2505 9049
6690 6404
6632 6083
6274 8059
4512 2316
7967 5932
5464 1777
24 2073
4695 3442
1301 9030
5524 7515
5613 7312
8187 5285
5971 2157
3466 4740
4764 2617
5016 5279
8646 5260
3881 147
7523 9485
4656 8904
1012 2153
4303 2810
5370 5139
3124 8670
6506 4857
3677 3755
9031 8178
9272 6441
293 2306
3520 2563
332 2193
398 1690
562 6202
1156 7621
2545 1579
4823 5714
9046 9568
1404 2740
4836 4382
4709 9125
9620 2000
4431 6386
9809 8274
8113 5862
8910 8101
3712 8859
2035 4266
685 181
6586 3343
4796 2967
2690 1894
5504 1550
5016 2502
7102 8691
7615 2555
3836 1669
168 5121
5413 5462
8460 5980
9729 8347
2977 4271
116 6674
6045 2293
1055 3764
7062 1318
3684 1170
792 9193
7107 7348
8651 5984
3252 9063
2092 4127
2515 4730
1225 9705
818 2046
2316 528
1631 218
60 6707
7282 9497
4949 1173
6061 6149
927 6876
6096 9192
168 3972
1366 4814
9028 6759
1132 3338
1301 4470
8368 7874
6380 2971
9902 8462
3648 3181
947 8983
2545 2665
2620 2650
1050 7245
1832 2783
7373 7289
652 5032
3022 7365
1237 7053
6393 2503
2247 1964
6865 355
6264 2126
180 2899
7746 8363
4389 5699
2566 3356
4992 536
6236 2415
8620 7571
1018 128
4377 1358
6281 7604
358 2390
6345 8464
7102 2691
7257 7371
2840 9862
2348 9603
1949 8777
3764 6446
7121 1332
1683 3312
3264 308
4740 6680
1456 895
2420 6050
6598 9422
5127 7698
3963 2826
1681 4553
2942 7508
2781 2380
2964 2297
3710 3722
1309 1347
8391 8798
3219 5405
1081 9853
2515 2999
6552 3856
5258 7534
9125 9444
2684 2369
429 6425
8143 3788
7680 2049
569 8485
2887 1869
1301 8324
9280 9187
2893 2872
2380 2456
8787 2737
526 5853
2872 637
8655 4396
821 8106
5901 760
1352 2945
3644 7294
4396 1694
2693 9654
7672 8445
3072 1336
1395 8948
9256 1761
8113 6558
8709 6381
4551 980
4948 4510
2348 6613
7828 9679
789 5496
4783 1330
5314 5288
9291 4744
7785 4578
1114 6108
8037 1751
8552 7765
6936 8515
3609 8838
6352 5916
4887 585
5029 8049
2929 1175
7641 6023
1743 1988
4615 2577
7523 4619
2258 3538
1801 3400
8061 1222
643 1840
1382 3372
1603 9615
9590 117
992 8454
3960 7811
4783 5267
672 4432
459 1873
2242 4338
2642 5935
774 4774
2670 3505
5537 4870
9635 9955
2709 1715
3244 9382
5620 698
7420 6358
1448 9166
7331 444
2390 7957
1773 3530
2865 12
7213 4190
4783 9619
3872 5521
4668 8050
1251 3640
2393 7091
8732 2855
6362 8255
5644 1234
1237 744
7571 8609
1175 3825
1894 5754
8323 5507
4266 8729
1055 7067
8043 7333
4693 9116
5901 8765
2296 747
8588 2278
7703 7265
836 1660
3279 2381
685 1974
5644 3107
6480 8694
2513 203
3676 7165
283 9760
533 6304
8257 9204
5911 9681
358 3615
9816 844
5598 9831
2806 6705
4633 7201
5771 6178
8324 8982
2453 7719
5464 7134
7967 9633
4643 9674
1735 6851
3009 258
4166 311
8061 1176
251 4667
8900 4048
451 3084
9832 6005
2737 6329
8632 8112
3705 8315
8904 1921
3010 4450
9233 6421
6083 5693
1921 757
1252 862
8317 816
8496 76
1406 7644
4897 3162
7471 2319
6398 5050
3685 136
6343 92
5514 822
2341 455
4744 9905
960 124
2002 2068
8639 2779
7405 7394
1946 3175
2545 3269
2252 4031
8453 7664
2390 9731
9445 2061
2929 7463
9978 6267
5967 730
8748 1074
7773 6880
5143 8086
3013 6222
6308 9090
5215 8082
5487 315
8624 3020
4246 3080
3154 1067
5136 7316
3333 8658
3769 7524
4370 1796
6262 5573
6315 1390
3505 3366
8323 3896
5279 6920
3998 337
2620 2271
3238 9986
7726 5342
8317 7063
1544 4412
5113 1601
7891 8537
4051 6472
5843 4873
8012 5493
6821 4343
65 5724
2781 3641
8315 7804
3181 7291
980 5894
9551 9150
2616 6392
33 6576
5113 7353
7394 5660
2473 490
9259 9626
1426 9992
398 2095
8814 506
9615 8875
1267 7253
1849 87
7867 7444
3825 8779
5416 6164
2583 5726
8086 1172
4708 2504
889 2102
173 3251
7536 9895
3798 5669
3470 9588
6865 6773
685 4011
6312 5696
1603 5747
1872 266
685 9278
9359 4901
3080 3583
2292 3753
7430 2809
3802 9915
1771 3759
4890 9710
9633 2561
6586 6964
8814 4205
6781 9564
4657 3533
3442 3480
4796 6656
173 6464
6564 6927
3356 253
4127 6468
1435 1312
2725 7344
8229 8659
9257 8044
9861 1021
4978 7931
4233 9777
7668 4009
6539 602
7216 7923
2432 2451
61 75
4032 6657
265 9906
8875 9846
9952 471
8259 176
6552 9366
7187 9509
2502 8111
6991 4329
2557 2399
2137 8700
9282 2850
8298 1564
3528 8761
3313 4404
919 4916
6312 5999
3244 623
7583 9420
8629 4753
2604 5970
2951 618
582 3256
1773 9991
4195 8935
1975 2560
5048 2794
6154 4694
8117 8290
4045 6721
8050 2240
7508 4601
7943 8530
3466 5527
2768 7977
3825 6066
4048 9199
472 4181
8739 3125
9808 9860
3361 59
5869 1315
5693 8758
3644 5301
5868 3654
4231 3046
9167 6648
3721 9269
3020 6930
4594 257
3154 1996
9096 6959
2553 6629
1233 3035
4014 4206
2297 7416
2229 5137
9991 7215
3580 6945
2212 8321
3722 2107
1832 1568
818 5005
9476 6842
6553 9387
3730 9730
3350 3100
1323 7826
1756 4944
8059 8426
2399 2905
2453 2232
1114 9655
2229 2975
7444 8494
5125 1015
7291 4986
6003 9372
7835 2205
824 8540
4558 3232
9366 1088
6611 4296
5134 5181
9629 3574
7226 3054
3059 2724
1869 3772
5778 2124
9438 4398
4140 4309
5669 4652
8445 7475
5353 2230
7204 8805
8846 4103
489 5187
6936 6642
1681 5892
8700 8601
9150 9942
528 5512
6179 4727
698 7406
4227 2825
2188 4019
2037 8064
1543 141
4601 1563
8099 8582
260 7983
924 400
8255 9191
457 2936
3360 3752
1312 6370
2665 1844
6102 2103
7962 4747
2618 1890
9444 99
1564 6967
9280 5497
582 4160
5863 7313
569 3506
6485 2857
7100 4534
4700 3017
8639 6307
7226 2811
7320 6169
8308 5895
569 5380
358 9040
1843 6746
6437 7410
4506 3996
8677 758
1979 1010
1808 4585
6527 1384
6186 5760
2773 9220
4949 3179
7927 4702
260 6904
2147 5534
1955 2175
4823 3196
6079 3918
9096 4006
5064 7857
2505 9149
3045 2225
5411 8132
3684 478
618 1000
166 8171
7571 5383
168 9491
4443 6035
1715 5983
9805 1153
533 5834
1021 9112
8151 3327
4958 2371
8064 5047
1604 7521
7574 9205
1761 4484
3721 7900
2812 6339
6781 137
1074 5054
7405 6887
5497 4348
7724 1530
1545 7043
4558 1795
4886 5449
8578 3170
3648 3016
2155 7447
7282 6944
1825 7564
3772 917
8379 4461
6959 2093
5487 701
7943 2532
3041 5058
6125 6700
1289 8716
3029 3734
536 7992
9493 9403
2383 705
4801 715
2905 8616
3124 8362
4652 1986
6550 3200
3024 5082
1743 1133
8132 7941
8809 4270
128 8683
6634 882
8998 1592
3432 3838
4585 9295
9961 9172
8178 9336
2420 7975
5606 7271
8620 9170
9915 552
3124 952
6586 7338
2922 2510
7406 2797
9777 2892
3844 8071
4381 5518
9628 155
9751 1924
8044 6225
1036 1729
3104 6056
8187 9061
8279 4872
9583 1764
2498 1187
3336 827
7925 4675
2978 9788
6771 8556
5394 1737
6465 3293
3541 2294
1756 4679
5656 1884
2460 8883
3580 9173
8710 5055
7296 4943
8393 9778
9022 1763
6862 4428
4464 9928
3080 7322
3685 3465
4303 1607
8858 7832
1847 4030
6588 788
2210 4611
7460 5585
8655 748
7672 4297
9615 3292
6468 986
9510 3611
3170 8572
1801 864
9457 2688
1195 5621
8044 7159
1715 8474
4190 9806
7664 6229
2002 7459
9464 6861
8241 7862
1691 1807
3154 2995
3470 1686
3823 2339
3684 3371
5649 9152
7583 573
1389 497
1965 5552
8396 9526
4901 7918
1979 8534
5267 9244
2776 2770
3016 3068
797 5759
986 7936
9619 2021
9167 6156
3129 8849
4401 9852
2393 4211
9477 513
2872 5270
1456 6535
4870 2759
7295 3089
4382 129
698 1930
1668 4145
1064 6211
2782 4636
1456 5119
1289 2111
3378 6941
6936 6669
9930 307
4309 1162
4231 2991
3758 3455
251 771
1804 8887
5527 1507
7430 6709
5699 5910
1610 6280
2231 4247
5430 2317
1021 8603
2212 974
4576 6046
2616 6901
2153 1281
3442 8781
5743 958
6657 454
2532 3940
7583 8081
8748 5975
579 5546
2011 2679
4398 1272
1826 2727
619 5728
5642 3732
7193 6915
3759 3057
407 9687
7708 2637
8444 9250
8691 9678
3356 7822
6425 353
8710 3827
2654 3253
5162 9337
2809 3834
2341 5007
2380 1709
4673 6953
8257 5381
4620 5398
65 2867
4656 4062
2773 9904
9926 1558
1745 8344
950 5427
8050 5597
6723 3342
4886 9026
5127 371
4493 3079
9450 6635
7247 3904
6299 134
9832 1438
6295 2988
3104 1109
4888 1527
7810 6009
7338 5884
5834 743
3073 1650
9751 460
4601 4473
6601 6301
5449 1998
4303 4548
1637 3852
7730 8239
9626 5889
3626 2968
6842 5204
6898 4777
7604 8275
4484 2681
6038 3052
1742 21
4197 5231
4257 2115
8258 3159
4227 9637
6186 970
637 8013
371 3163
1130 3103
4922 8867
3960 3804
2230 3012
363 3146
8464 3499
4981 1476
1267 2787
1899 5471
4634 1203
5285 4001
6535 4159
9102 8118
7941 1305
8904 4824
6335 8903
7335 7580
3710 6624
5036 7513
3343 4147
6736 1682
315 4851
2573 1399
4336 4828
7935 8773
2795 9123
32 7167
7954 55
6357 9454
5574 5122
7253 3379
206 273
5917 8813
4276 6572
2063 7104
4697 6744
8643 3496
6527 8542
1485 6826
4009 3304
1690 5690
7107 6939
8013 223
472 2772
2912 5250
7282 6410
5784 9391
3127 6910
6381 4982
701 6897
5699 2843
7298 9212
7320 1845
1682 7544
1697 989
7726 486
1449 5245
8323 609
5863 7543
7800 7148
8761 1854
9162 8335
1793 2570
3746 5766
9906 3806
5940 7711
2770 120
1996 372
3712 7153
5074 2818
9930 903
7288 8191
1603 1285
5860 4779
2103 4202
5901 5680
7901 7679
268 4153
4206 5673
6029 5553
6787 7497
9679 339
1438 8221
3753 3498
1603 9612
9317 3483
8321 1191
2112 732
2920 2038
2080 8796
4412 8608
8710 2311
6999 2289
2053 3368
3528 2256
7867 6960
4793 1466
7583 1198
4129 9505
8753 6350
5699 5262
7420 839
4257 1598
4888 373
5983 2536
2984 3417
5585 3369
2207 230
1899 6738
2929 3883
9337 3731
8151 1623
7832 5042
518 6802
2514 6094
6648 4050
9906 4486
7107 8314
9619 5587
1318 720
7165 4771
9031 8790
6571 4082
2563 8770
7405 8815
1487 6018
1694 9549
6680 4438
7329 2714
9730 8023
8915 3933
1454 4361
9396 1268
7923 3295
9037 629
1862 4921
6527 6462
4499 37
2984 6652
762 7026
3852 2554
9403 7893
65 9825
9955 1581
9102 226
2765 7812
9831 7015
7992 2272
4043 322
9025 9294
167 3158
218 6530
4530 6998
1178 3523
8718 9743
6713 8912
8677 3130
1463 9843
4897 2860
903 4356
633 6004
579 6857
771 4386
5449 6683
9349 7607
9074 8954
2245 2762
2642 4240
6321 7082
1740 8580
8629 1569
3520 9052
4470 7311
3655 5581
8278 5120
5442 3857
2230 8251
686 3485
5260 3296
8049 7157
8212 418
8103 6696
3276 3884
6857 1820
7148 8941
603 2837
6063 4003
7923 1984
7719 3384
1568 470
2155 2940
3995 1418
4011 7839
589 8564
5605 5123
2175 3385
5005 7834
5120 9521
3113 4341
75 8404
6604 6247
8234 5751
2449 2633
2294 2264
9955 560
7780 8626
8291 6039
8608 9027
3029 1241
5415 5957
3104 5130
6891 9657
2195 5070
9230 2832
3010 773
6700 3491
1036 4064
4509 9878
7893 2354
8875 9658
1154 199
5910 852
6166 3428
6485 8018
3928 2156
1453 6699
5422 7562
8643 6682
9755 4002
5917 8776
2197 9398
2449 492
5442 8388
128 292
569 1428
9655 9147
2453 4930
5512 6643
4719 7907
8787 690
2566 4560
8758 9919
3007 5103
3009 3965
6576 1852
76 3076
8525 9676
5916 4705
5127 7395
9398 392
3 7817
4982 6134
5754 7577
5656 2308
2740 456
1074 4046
3257 5009
2195 7056
4045 5634
6405 6592
9910 4311
7785 7953
8385 9716
2843 5478
1569 211
1289 9486
2665 2774
506 627
4132 9226
5690 1299
1395 7634
8319 9501
8398 9855
2281 7968
1086 8837
8080 5436
1345 6331
1984 4649
6308 2885
3084 2926
7886 2499
8080 1380
9754 1503
9191 3267
4205 5840
5136 6603
2194 8196
5971 5129
3359 9277
2867 3983
9052 5138
120 5654
858 5739
8071 5388
9396 9752
2605 1008
1330 6337
8453 1815
9277 4138
3045 9338
4157 1099
9776 2804
6545 5160
7937 3899
8336 3699
3904 3898
2905 3187
7266 2187
8900 5893
7699 2841
7804 1559
1960 1136
7170 5780
7082 9332
6552 7066
3325 5307
3918 3906
6571 5888
6414 1043
3159 7850
5143 2903
7931 1294
7213 575
2633 7611
2848 7446
9961 3608
5054 1748
4001 3185
8132 8380
2252 9697
92 8820
3084 6663
4334 5236
9172 2032
1537 7914
9996 4808
1466 1783
9660 1721
7365 3747
540 6995
1855 6882
5906 4349
3256 8029
439 2367
582 2966
8037 1322
2212 4936
6357 9235
4006 2148
2755 2998
4438 9673
9861 7841
3648 3126
4181 4951
8716 2551
9681 7024
6598 5614
2775 5110
2264 2636
1896 8226
2432 1640
7373 5511
3758 4672
1176 5090
3 3137
5605 8807
1322 1014
2925 4651
4674 4840
457 3821
8340 8328
4401 8338
1872 4866
5696 474
1530 2328
5127 8401
4740 2215
8759 2677
1694 2118
7245 9231
3987 3929
1428 3321
322 8524
4195 4533
4981 2065
460 7
2413 2141
1056 1288
6936 5296
423 493
283 2613
6759 1819
6713 5713
4898 7940
8627 6303
2926 3659
4571 5885
9117 9884
8716 6127
8316 830
3297 62
7726 4856
6339 1643
12 5133
4051 2425
2236 8203
1388 4347
9992 2668
2613 4952
4106 1867
3788 1326
5110 5733
1374 1617
8379 8523
1528 3283
9318 427
4329 3081
6738 5325
1275 3272
2786 6135
24 6081
4823 7079
4179 1770
2740 2777
341 1255
7446 5274
2557 9092
5048 3610
3253 5508
9526 5529
358 4040
6519 5841
9205 2436
585 1902
579 963
6959 4088
9666 795
3965 3324
2710 1578
9549 2824
858 7492
7834 8137
8474 9641
7812 5015
3116 5979
897 6969
4072 7090
6577 6182
9554 1752
1986 5067
6182 4411
5699 7873
2053 9872
3583 2873
257 5132
6436 216
8101 709
8290 4479
1974 4745
2965 7383
6611 3415
2140 2333
50 9264
9955 3976
9777 6114
2727 4669
7862 7189
6553 3419
7734 7509
6410 1444
4177 4701
6023 9216
6274 6950
2762 131
1559 3967
5369 4692
9170 6401
2504 212
9231 9342
8932 8033
7283 7784
7461 693
1604 5006
1380 6227
803 9198
7850 1841
3941 1450
6891 6961
3658 9576
1055 2528
1463 4834
5342 3527
1575 915
8049 4029
3753 135
5776 7188
8709 8724
7677 2950
216 7697
6251 4434
5869 3023
9704 8874
3371 4126
6812 31
9398 7254
5575 3850
2046 219
6247 4541
4540 2520
21 753
427 3715
685 6498
4395 7212
2371 254
4395 502
5388 3402
1450 6525
6564 2062
2725 9227
7891 8296
6621 6032
918 3773
5372 7585
3350 4150
1384 6780
3256 6938
4691 8007
6527 3719
1546 8148
5137 5982
3703 6609
353 1325
7156 7738
9491 5564
903 9623
5884 1969
8729 977
3185 856
5865 5802
8511 5434
9916 7892
58 9974
9621 5677
4764 438
9521 9622
8727 8473
3324 3923
2837 6715
643 7263
9485 750
3485 1045
4571 7012
9332 2075
672 2017
836 1931
9769 1047
5802 1822
9220 1344
1384 7369
1136 1273
2212 5782
518 195
1325 8431
1616 9151
2449 6412
8912 5772
4268 8992
3338 5996
427 2634
3844 7272
715 3660
6279 1090
2903 5929
6814 2763
3012 1371
1801 7435
1772 4168
7245 6909
3658 1718
7056 1089
7263 509
5530 8698
2316 9566
3417 8827
4223 2599
2431 7683
6978 5903
3710 7493
8632 1065
2348 1962
910 8808
3252 2090
5784 1792
6920 9540
1629 7347
8103 9143
1795 4593
3393 6924
2504 6511
6004 9973
7435 6152
6902 2377
2811 1183
62 1308
8106 5665
2893 5020
4014 1180
61 3664
2210 9694
2432 3407
5865 4905
515 7304
5979 9376
5353 8093
8241 6126
6165 6508
9338 841
6164 4291
912 491
3186 7086
2287 5536
7508 4131
6432 4642
839 4234
2892 8129
5656 6100
8171 507
8137 695
5090 2330
5311 8163
4356 4900
1898 984
2230 3968
5929 4417
3494 4661
6165 6986
3869 9766
5836 3853
1801 3726
6312 9156
3267 679
1017 9475
2638 9797
9826 6510
2126 5144
4438 2106
3848 2537
1690 7971
203 3545
7461 9032
5398 1351
195 4591
3465 7694
7377 4020
6887 3335
6696 9759
226 2900
5788 1126
7476 9613
2555 653
1732 5366
4888 4342
3697 8395
128 7072
1955 9559
2665 4682
3710 948
903 5235
5070 3665
6758 5872
507 7246
7257 551
1593 916
1187 3482
8748 570
5359 9725
1222 1853
6082 5382
9037 7267
5614 3627
1184 4198
8379 4472
705 8046
3259 5465
2408 8944
2589 352
8524 1306
7086 9229
3755 1515
2061 8606
5422 2417
1509 6685
6978 28
339 9937
6182 7806
6853 4114
4636 1540
4824 7036
9766 5805
2618 9197
9345 1730
6412 5990
8147 2183
3163 8047
3313 2928
8143 6681
9282 8594
8454 6809
3726 5343
1729 8312
7201 1095
1622 1142
4126 6716
9173 1304
8859 8088
4991 8656
400 4630
2661 2189
9485 7367
5422 3404
1624 8984
9367 357
7100 1911
2333 1214
1435 6260
3333 47
2008 9160
9853 157
2011 5599
4020 3351
4147 6226
8439 6595
9376 1327
8112 3182
9633 7661
3013 7606
5032 1076
6148 6975
2102 192
897 2164
5478 420
4562 6089
4192 4346
852 1554
8187 7290
6887 1939
6980 4161
9952 3667
4782 6376
6954 9900
954 5583
6605 3008
6301 2041
322 7747
2786 5576
1333 8764
7339 1762
6999 2898
5058 2948
5530 8880
7246 1063
2748 243
3327 4848
7505 9837
1080 5345
7253 3083
525 2974
7296 9489
2292 7627
1981 7199
2967 1286
2111 4752
4019 7786
2837 8868
8656 8032
5493 2614
1168 8048
128 4369
5138 9066
537 5093
6773 6843
4611 568
2991 5637
5388 9165
7734 6198
4207 4552
4539 5002
3648 2876
7367 6835
2634 9532
8558 2757
1514 2237
4291 2446
3384 7328
9313 1950
9825 6631
9022 712
7189 3193
5970 7613
2975 9795
2331 5396
31 2754
1896 340
3455 5968
6623 197
1371 2096
8669 2756
7316 6086
1273 6599
5581 3025
1048 6824
1418 2592
8018 7799
4063 5499
5307 9845
4760 563
234 6298
1059 208
3665 7636
5853 7242
5042 8824
2138 8923
3765 1197
3872 2346
7844 8421
2103 1145
8915 969
869 8546
8748 756
1758 7276
4303 9365
3787 8832
9778 391
3729 7323
117 5326
9205 7421
1691 6928
5828 6151
1358 9069
8744 8360
6818 4690
9861 5313
8125 1797
3419 865
3530 4281
3868 1759
2995 9261
1759 641
9687 306
3765 9670
3079 6320
1346 5515
1399 8468
2605 3839
8321 2894
2601 9558
958 4599
6066 2801
5585 36
9778 4186
3740 3446
4634 5821
3611 9645
4726 1987
2809 2338
3100 7105
8329 1236
4179 1118
2682 1224
4528 6491
7471 6287
2811 1357
9031 8937
4154 5479
218 5719
4856 1362
206 5870
1737 675
9151 7487
573 7465
2066 1861
7811 3001
5345 7715
1855 2365
5067 2742
2319 1893
6386 8484
1550 8025
3595 85
1832 8414
1346 3147
5181 5404
8694 452
2920 1963
9622 5657
78 345
3292 7472
4534 5027
3883 8663
797 6509
1832 2717
4202 3105
9166 6762
7267 2529
2023 2012
5296 1549
9087 4639
5696 7976
2773 8021
6618 8839
9336 3917
6880 3922
7636 8642
8035 4739
4794 4681
7975 9605
8221 2507
8580 6075
9763 3633
9387 7140
7954 9802
6236 8657
2726 8448
4906 9841
4667 104
6694 5073
2377 8595
9730 9330
1792 6712
2417 7868
748 2060
4137 7220
6552 5176
4336 1452
2311 8823
9200 3535
2396 527
2566 7407
2111 9565
5573 1144
2620 901
2589 7843
7257 2796
8700 8104
6696 4374
310 4355
2425 4287
3007 3810
6961 4640
2754 4025
744 8477
3367 1256
8790 2861
9112 9589
1301 9890
8147 159
7283 5196
5971 8987
1987 5331
4166 9979
2297 5832
2377 7945
8401 1177
8813 2342
1130 7375
5892 2262
7410 5159
159 945
8007 7071
1399 951
5589 6810
2515 5905
7043 72
5585 4279
7395 3102
5143 3410
6222 7160
6623 6776
8148 8974
1222 5349
7291 9981
4303 8660
7806 8844
8629 384
3181 4119
2795 2351
5714 5912
8192 4111
1884 2956
7908 3184
2194 7693
4751 7163
2337 5513
8509 3077
9226 1219
1312 4736
455 2914
251 118
7420 4621
7212 7275
5912 7974
8125 6779
578 7381
3868 1926
6527 4861
3177 9047
1358 9587
7067 7985
2589 9773
8049 2086
3884 6719
492 1615
9047 5775
2991 8058
8515 5040
709 7823
7874 3074
6810 1744
4887 144
1175 3724
144 6888
7523 624
497 2608
38 2265
3324 1246
7067 4222
2670 1397
540 4869
1686 1864
6632 6305
4432 8704
8268 8493
8421 6218
2829 1028
5017 8190
6298 4520
6518 1121
8398 9786
7234 942
4643 5299
1014 1386
8832 3815
8158 8973
8639 2793
2431 3382
945 3794
9192 1407
841 3775
4291 4568
1895 139
5968 1713
8029 6772
1751 3444
373 1992
418 1135
3611 1159
6851 4508
8564 9969
3961 8175
9037 4390
3644 6250
9711 5169
9713 7120
8258 7431
6127 7203
5313 9891
2795 8242
7096 3915
960 9579
4234 7701
7770 1818
5753 1791
3077 6333
1063 3352
1267 3317
9391 6219
1514 9058
9070 6191
7725 932
6821 2846
181 6597
2934 4518
3008 2788
1756 5429
4246 5556
1996 1020
5054 1708
3210 2535
2094 469
4530 1062
3253 9514
1288 3762
6559 6788
5162 7948
1074 323
8537 9936
1121 5570
2351 274
6682 6208
7375 3760
5583 2916
5743 524
1286 480
7841 4105
3470 561
8941 3751
9250 1994
3106 2179
1143 3700
6860 6249
9678 7635
1903 2600
4733 5277
3200 2025
9746 3955
5860 8734
5388 1489
76 6040
7577 4317
5901 5425
7343 1261
3648 6872
610 1181
296 5943
5436 7088
3350 9311
7747 8951
2415 9473
5144 4734
7439 7002
925 1523
6404 5994
3196 4498
9532 6193
1322 2808
1825 5600
1853 8357
2599 6145
3765 4663
3749 7688
9509 4107
7910 422
4263 1628
2610 577
4669 1665
8441 1880
3035 7546
2951 7581
9031 4165
1697 1626
2863 5297
5677 6065
5173 634
8336 6584
234 1242
2764 9020
1411 6231
932 9057
1178 4979
588 1967
7701 1824
423 5302
5139 1040
6193 5974
1198 8533
6862 5741
7088 6711
3324 3555
2873 8095
6780 4581
3229 8649
418 2120
7730 98
8910 5786
5478 9383
2138 2128
2577 5635
33 4731
6824 1269
5862 9124
5176 1613
3782 7814
3020 7587
1047 5145
2258 2277
5442 662
205 7881
263 9636
9752 7004
8275 5243
8915 7745
8939 8551
2118 7469
3715 2149
6920 3314
7263 190
9763 2492
6094 8076
2492 8487
4508 4285
61 2362
2947 8458
5297 7622
9509 4769
8624 2324
4180 7046
4974 1769
8727 5439
5159 1935
2725 4375
9928 968
8013 7535
7977 4584
4656 5645
2032 8499
5369 9627
4226 7126
328 7852
5177 9463
9264 1600
8937 7981
8718 3039
4898 6708
5120 9496
7724 9912
78 5118
1740 9053
8398 8209
6842 5854
7435 9425
2252 4007
2338 2019
1411 9418
5996 1361
1624 8003
3934 7380
8404 7729
2545 7197
6688 186
429 9306
818 1635
874 5730
1628 4604
1930 7986
7107 626
8323 6522
1126 9018
4303 4597
4541 1799
4581 9188
6154 297
2227 4008
135 4340
37 3349
886 3888
4281 1483
6414 3556
4769 7184
1873 7590
948 5866
6152 5549
28 5444
6462 8847
3232 2314
1626 4935
6012 5424
7780 2122
6721 2752
2468 4707
7926 2647
8875 376
526 6210
4193 3398
8340 9815
4338 5716
2300 4765
7353 5355
5587 4017
376 6474
9815 6240
6711 6765
6950 2508
2179 625
4744 2361
8752 7791
7212 3619
5869 320
9278 4644
1135 9680
8651 5049
2090 2669
8632 3489
9690 9745
2796 6569
5912 4058
6953 2255
8208 4491
5935 7033
5489 7870
1678 1405
7430 5172
7508 2233
924 6931
6191 6574
4748 8210
781 2607
7056 1722
230 5727
675 4321
2545 710
5235 1072
2233 4044
8732 6616
2207 9644
1794 4405
3637 1264
3498 5012
942 9897
4432 214
1690 77
3724 4477
5415 4418
9890 7617
7509 3120
2974 4876
7294 8592
9257 3341
8444 7059
6668 3618
623 9614
7738 5539
1247 4770
8137 4932
391 6435
6811 6803
98 5385
1615 6049
2102 3552
3844 9920
5425 2480
709 3294
6731 3885
1601 162
6771 8502
6346 7286
6973 7650
8839 5259
3351 8871
2208 499
1952 2444
5127 3811
210 6659
8298 2706
9773 5309
5556 9931
458 9179
2796 8893
1946 8334
3499 3974
4002 1240
3769 1416
6480 3115
2557 5367
1774 538
3398 6235
2824 1034
1783 667
5383 329
9292 2334
6991 2713
6147 319
8148 3192
9505 4185
6631 5664
2096 4135
7193 1727
3325 7647
5394 9316
1874 3913
2638 3791
4473 7142
3724 7230
166 8475
320 1378
6063 79
2712 7198
2912 6816
1074 3056
2165 1196
8765 1204
5129 9310
4373 9128
2137 6620
5856 2869
3131 8285
4455 3629
8748 4650
4930 6566
9120 6090
2352 6482
9586 5026
6061 5547
8761 7849
781 2902
5696 2428
7800 3149
775 3616
6954 7705
9398 3093
8178 4847
6100 468
3884 6026
7421 3449
4991 4194
4505 876
7167 6630
774 9133
1992 9571
9890 8891
8220 6341
6066 7309
8431 5555
1758 4665
830 9348
2107 7222
4697 9581
6953 5091
3678 8577
3304 2421
2517 1785
5145 5817
3915 5228
8344 7243
7139 3298
1018 1365
147 1572
2642 7334
4905 2221
1380 5028
7736 4699
9066 5823
3640 9693
6937 8675
5889 4274
4432 5431
6100 5395
1559 1590
1722 3768
8948 9161
4082 9948
1660 3021
4127 7155
419 5505
480 2269
1241 4815
769 375
7343 3858
603 9462
4119 7898
6040 198
3429 213
9808 7095
507 4647
7091 7098
4690 8301
6041 4076
9112 3714
5200 8780
6250 975
6601 5568
4363 4635
1523 4230
3015 1342
1170 7772
8221 3531
2337 6275
6950 7601
3410 4609
781 4729
59 1957
1543 3458
3863 4392
9030 6008
4548 5364
4245 6092
2035 1922
9277 9572
9629 8416
9396 1343
5788 4575
3351 494
3452 4963
2873 9738
567 503
7703 5942
6853 8962
375 4871
5382 1211
2126 6987
1794 8140
7843 8222
2007 7539
8489 3529
3498 636
1921 7865
1986 4714
8129 8571
5297 2178
1615 6025
4539 8686
1637 1827
2152 6833
4575 325
3852 9977
1783 3197
1299 7209
4539 2655
8815 3329
141 3891
6141 5721
2080 6692
8314 4102
9317 5816
9336 6507
5895 1676
1681 7759
4396 5358
4064 6420
1544 4598
3384 1577
2351 5059
167 5332
3182 5729
4401 6068
457 8214
2341 6131
2338 5451
6346 3739
8880 18
7347 9791
1678 4614
2264 2253
805 7556
3998 1941
9109 8302
2916 2445
1880 1956
6803 7652
4981 360
5127 7413
1211 3164
9327 7737
7492 8622
9710 130
916 7819
5527 1731
5958 8467
7828 6896
7199 5347
4974 891
8450 8645
1715 9411
582 3813
3158 3305
4736 7631
9383 313
5514 9093
5836 4402
4584 1733
4179 649
1743 696
1729 9373
311 9374
2642 7172
3561 8884
3369 3311
2928 5976
2017 9870
1086 3289
3465 3628
9431 8478
6772 8762
9338 1413
5147 3123
3407 4084
9143 7630
609 4766
5543 4060
6987 5201
3928 8771
2314 2558
7505 7591
136 1349
8919 6349
7976 8399
4553 3895
7677 1619
1697 4602
1543 8560
1626 7350
6616 8120
5866 9175
8426 2915
822 8442
2021 8897
883 3241
6910 5399
7515 5384
6081 6429
540 6452
526 9393
4951 5222
778 1329
9057 2323
1176 4883
2463 1803
9817 1586
7868 3832
9936 3785
775 9649
2300 8057
6040 985
4730 4646
8523 9010
3813 7301
7413 240
7063 3925
5911 4176
4905 5806
7317 7175
3149 2241
6895 5300
8642 6053
1374 1073
612 8083
5911 2479
1326 5774
2797 1495
6251 6971
5383 7450
6960 4684
9948 5758
992 801
2256 2906
4540 8742
6721 7480
2539 6377
8360 5554
4682 2695
4222 8561
9934 9574
5980 2443
7831 4149
8324 4627
4510 5461
6151 777
625 6593
3646 4517
9173 6192
1067 39
124 3661
9501 6408
8700 5165
575 7716
7931 2980
9673 7792
9367 6929
2513 2320
398 2645
975 1031
970 542
4102 921
3976 6575
9978 9035
5546 5681
8534 3557
3480 3980
3923 514
9387 4280
683 2649
6281 2798
623 3864
2781 5688
573 9652
4294 6881
3774 2526
3743 6587
582 3286
9191 2909
2237 475
4693 5148
9398 394
6611 9169
6525 5757
990 5954
7181 4446
5817 9700
3372 7507
3635 5284
1946 6710
4045 9765
4205 5864
2783 6933
9165 4162
7329 9281
9705 3066
3241 3766
7669 6798
1329 7145
6991 6543
710 8701
5812 8250
4848 3565
4297 8745
7919 5232
41 5340
9376 7594
3366 6829
2147 8513
3866 7432
6773 7625
78 8971
3304 4458
9281 5256
2210 4514
1558 523
1427 1976
8132 4403
8191 1271
824 366
9852 829
5297 9301
4840 9951
3200 574
1930 3195
2297 5224
2863 1663
9032 745
8071 6459
3160 3682
3393 4917
2502 4485
283 8288
2122 5756
7747 7436
865 1787
6892 9703
5477 3237
3965 5749
5970 6430
3677 4156
8095 7485
1298 850
9422 4314
1872 6754
6728 2639
5971 1997
8752 7579
2663 3663
1572 6996
6622 8407
1572 6258
6987 870
5074 3153
2867 9201
6938 4934
4700 9750
497 9459
4490 1260
339 9339
478 406
2362 9665
1893 7158
1546 8719
4751 6561
9382 5755
6793 4846
2975 5197
5127 944
3533 565
589 3174
4406 7707
7421 6911
1380 3720
5331 3172
8513 7598
6083 8507
2775 123
5222 566
5359 3018
5139 3958
8745 8829
5058 9011
9124 1525
6147 1891
657 5157
2194 735
1180 5337
5832 7217
5513 2283
8143 1019
203 3135
2120 4995
4869 7117
2810 7249
3876 5625
313 5915
1902 6890
9349 343
6821 4826
2893 9530
211 1833
1327 5837
4740 9005
6145 6470
4690 7238
8421 6248
1495 1608
1145 587
735 9136
1693 1033
7585 1823
9369 7293
4955 4372
1660 7284
780 1779
9679 1699
1613 3423
3583 5174
8462 6830
992 6799
662 3515
9884 6529
1151 6143
2948 1391
7145 2822
6812 2291
206 9667
3361 1641
636 2904
3035 9513
3162 2800
6576 2027
603 7196
9745 7704
6772 2404
9510 5458
5331 5304
420 2345
567 8947
4619 9548
7703 7258
3731 6979
2902 1557
5458 5567
878 9132
3759 8130
4766 761
6909 5825
2528 2702
8364 2484
3428 6662
7865 6153
2060 2374
2904 6237
76 7869
4558 7047
6041 7285
1246 8261
1543 7793
266 6197
4185 4706
3545 9604
4312 9183
9386 2525
9667 8280
4031 1937
3876 9414
4482 3277
3580 1859
4222 6445
5200 7984
3035 246
1432 3511
7574 7076
7272 4964
4119 3905
3633 3281
1967 7434
8759 2533
1222 2949
2212 9402
4748 9135
3832 5933
2963 2267
9709 8150
4314 6369
3908 1097
1983 2831
1730 6048
4815 776
6927 6289
4257 1054
2920 9447
569 1146
1592 1213
8117 9646
9352 7555
2479 1429
8729 6195
427 250
2984 2491
575 6434
3264 6884
4177 5735
3765 8483
1820 5330
7867 2692
173 1720
2775 9268
7347 8689
5226 3636
1678 6443
7079 1705
6938 5594
7870 1360
5525 8135
9955 2270
2736 6608
9338 8968
1175 7433
2573 4056
2811 7511
3147 655
9374 1510
1017 4091
3080 3337
9216 1276
5187 9997
7931 6204
3093 946
1623 5141
6464 7821
8893 2219
5439 9545
7282 1883
8298 645
1569 9901
6572 127
6518 4893
8540 7417
4207 1768
9674 7787
5808 6874
1318 8154
4323 4728
400 9430
6764 1060
4767 1290
5236 5023
758 93
400 3445
7053 9591
1653 4000
403 4244
1196 6411
9193 8933
3369 7445
6491 7429
7216 7345
5530 594
1275 5402
6430 4298
2019 9044
4082 5373
1418 7646
9664 4448
6152 275
6219 102
5690 7366
2532 4424
5984 3322
6898 8054
5548 2732
1799 9051
8478 7768
9425 9500
2975 5312
4431 25
4562 4904
7220 6451
8963 6372
7601 9882
3431 5898
2589 9577
7585 276
9719 6515
3325 9849
9039 7456
9725 6560
7291 2486
8639 9356
2346 8361
2436 6968
3667 4367
3973 1739
5193 4036
9286 3148
7090 7346
1949 9528
3996 7990
685 9290
76 8587
4044 8411
8849 2398
8716 4645
6588 8136
2554 804
6915 2641
3556 94
2459 5961
4177 149
3106 9174
780 6768
1081 8157
9192 8831
7862 6306
9259 7674
9919 826
9102 6966
7661 9467
3987 9466
6853 8676
8574 7568
1761 9535
7975 1945
4244 5163
8229 6894
6468 4408
1237 3966
1763 6348
5296 6753
2915 8123
117 5186
2126 4497
8118 1188
2021 8185
50 23
7844 9287
8975 640
7353 8960
5780 6130
2094 5227
2887 5501
8379 5446
7098 6687
5649 7321
2533 4507
1256 8988
6811 9415
2443 3862
8023 3558
461 8307
5512 3634
3330 6590
5277 532
1449 2018
5172 2751
6178 987
1845 6932
6358 7550
2554 5519
8809 8479
7463 9144
3436 5263
3869 3502
7062 3401
5678 3004
4752 3589
8761 3437
5840 8237
8258 2584
638 1046
3052 8958
3747 7695
582 9155
850 229
9645 6568
8394 179
9231 4806
2408 7409
9463 14
3974 999
3933 5334
6803 7397
7707 7315
2743 5185
8416 9186
2764 914
5093 9873
6768 4086
5444 7029
5020 3562
9860 2125
963 1877
1600 2689
788 4238
6668 4070
9356 5468
7650 4526
7470 6637
6978 4738
6999 9995
32 9362
6927 9975
4230 6284
4770 1817
9960 151
1343 9908
2330 6002
7145 8628
420 2512
3267 9381
9136 2130
3872 8772
5159 7875
636 9288
785 8531
7644 5503
1930 1602
2431 4574
3133 4780
1711 931
9220 8882
2922 3199
5758 751
4266 3209
6248 6984
5055 9105
7975 5092
6056 3433
8947 5618
203 6740
1008 9671
470 7662
5782 7878
98 6867
2584 3486
7986 5551
1793 6069
4840 8105
6301 4318
5747 5317
2639 8311
2071 7176
3084 2849
8868 4237
4271 9307
1234 7133
8494 3652
5888 5628
6699 8466
1406 9662
1236 663
292 1259
293 6610
2196 5161
9010 6107
737 767
6038 6985
1572 2935
2914 6567
1745 6691
513 7775
61 8879
2149 9041
1874 8386
3269 1548
8642 7041
6787 6253
434 6785
353 6177
2417 3949
6772 3991
3272 2602
6709 6678
1008 7314
4020 3254
9612 1866
9873 2454
3404 4313
147 2571
603 7151
7800 738
5185 2731
5358 8470
6509 2079
1142 3391
1592 4947
1683 4420
6276 1266
9655 559
8752 2378
1067 8252
3378 9073
8185 2465
8337 4232
8047 6606
1699 6813
5614 4722
6566 8433
886 3801
3133 7453
4932 7788
9151 1200
3810 5624
4153 1901
730 7477
6227 521
7919 7626
2055 9108
4740 3033
5134 3851
9891 1226
16 2295
5885 6476
6631 9701
5805 8256
1624 7019
7828 1239
2951 6760
2342 6442
2665 1103
1252 5684
4420 140
7911 6101
6572 7038
2294 2678
3186 8589
8897 2875
4234 7569
9787 4838
2122 2769
2984 2708
5078 4419
596 1202
5628 3761
3629 5211
8214 8235
3056 3519
2765 4804
8941 2466
6826 2871
8574 2016
3283 9863
7333 8610
4661 3617
4219 3247
739 8899
9811 1068
7664 7803
4675 6797
5872 7361
3562 4039
5592 1208
8421 8038
5496 9252
2207 1479
6089 7310
251 4556
6814 2042
3529 5410
1742 3943
9978 280
8915 6463
5345 4567
8971 4566
7156 3464
7955 8409
5722 7766
6933 3316
4355 9520
6599 1084
4243 7168
9992 7930
2212 8452
5525 2619
4497 2410
5446 1253
5929 3214
7640 7106
8157 9840
9069 6878
5961 2158
3100 1542
3186 7027
9230 5855
4992 5239
8336 7057
856 2931
721 8289
2256 115
3976 3434
1635 1736
9230 3478
1852 2739
6991 6203
9187 717
8291 9397
7395 1484
5092 2057
7047 1923
3336 5965
2808 3067
257 802
4374 1638
1074 857
6522 290
5093 9114
4727 8377
1824 7009
3419 8133
4568 8940
5772 145
4211 1805
4377 1274
3312 5081
5431 6139
7433 2923
2075 2703
2535 6504
822 9451
3252 2542
2102 1110
7343 5761
1224 6885
4795 3261
8357 2407
6053 5803
6037 9774
9383 6367
1280 5057
7738 9440
6545 7425
5555 4184
2950 8248
9576 9086
7086 4688
9349 6454
1957 9303
4602 8926
9802 7961
6130 2001
9528 4465
5776 5195
2710 4495
6345 6016
771 1746
5819 4664
5627 9326
2513 3243
2128 1856
4337 2437
6787 9113
2714 615
1405 1075
3682 943
2378 4284
5505 9796
5836 9083
2269 7880
6609 9211
4381 3604
5833 5691
9697 3300
8577 5770
1074 6855
2342 9245
292 6244
7738 3357
5546 5140
532 3414
5191 6397
8736 2388
7067 1398
4026 3620
3298 255
9070 1750
3928 4463
9910 5085
5032 2953
7981 8408
1 7007
3464 8901
3608 7299
4619 1134
2742 994
5699 7877
6936 677
1352 5608
2063 3871
1301 7884
984 3231
1495 5013
1627 1912
5957 4545
1997 6457
7681 6676
6045 8803
3398 8160
5077 138
8807 8881
9629 7055
1597 4252
826 3831
4456 8062
1351 9488
4266 242
7738 1163
5898 2301
8868 5083
1986 3309
320 554
4411 4522
5671 9499
1624 6958
2974 348
9509 7905
5802 8554
8360 5523
708 4353
4714 4658
4262 4835
7715 3315
575 4397
915 8020
6053 404
3115 8305
9942 6925
5330 2303
3103 3390
3772 3945
4722 7349
5530 10000
1957 3548
4137 2886
6897 6187
6552 920
6682 6706
9991 1585
1080 1461
3115 2353
8735 1897
2225 5088
5277 6057
8336 5611
2296 5647
4636 5584
5680 9246
1315 4175
6114 1016
5635 807
8407 7648
5786 2674
1058 9954
3131 3939
3898 1588
9026 6167
4976 5490
6385 7016
1932 3763
2706 6786
4056 4671
903 7466
6975 5338
8082 8034
7215 8768
5317 7085
2431 6277
1861 3578
1665 6189
4898 2031
677 2866
9397 1433
5979 2419
4338 6489
5176 5112
506 7829
2042 1057
8854 2721
4029 3843
7780 2452
2867 4610
2190 2722
7447 4429
3004 9536
6676 3603
104 1469
7140 7912
2507 314
5990 5069
3160 8731
1222 4220
9113 1262
2710 6481
2926 2625
3654 6492
4030 6024
8564 9812
581 8423
6462 3503
948 5447
1213 3271
2702 3926
50 5249
2649 6137
1345 1929
3799 1161
5020 9688
2507 4332
260 5535
7243 3375
6985 5939
6682 6914
6617 3034
8076 5052
2860 6439
7082 4912
2589 8432
1509 7359
355 9308
891 7141
1188 4264
1060 2312
3175 6206
1593 7979
5576 2880
4112 7224
5837 7136
7523 344
3210 309
1769 3668
9863 6095
1043 4081
6776 8303
3174 6997
4978 2635
3582 4187
6759 3049
3610 6741
5891 6619
7301 3988
9416 4798
5309 1707
1252 3642
4556 44
870 3944
1892 7827
1075 6378
2346 7845
1946 3396
3360 9490
5726 3388
5057 3776
8256 4680
4040 539
190 9880
4156 9781
2748 2895
6797 9692
6143 1499
1510 5217
134 4094
8935 4151
5317 3406
7220 34
3667 9782
8588 7557
9591 7920
9605 700
7925 3935
3444 2927
1542 9813
5074 2171
4604 965
6816 6461
1694 8648
9040 2747
549 6742
5405 3042
7726 6330
9431 6562
6276 5796
5808 4969
3197 8976
9055 2372
610 5251
3367 4638
7862 6402
9052 9399
3825 6241
5501 1725
5522 4626
4490 9611
7626 7455
3983 1789
829 4812
2306 1652
9381 2048
4505 2384
4156 3744
5771 378
1935 3168
7310 956
4978 3808
175 5907
5576 4902
2324 4696
3660 5104
1567 1069
4785 9185
1237 5286
8807 5685
1896 8522
2727 10
5537 7146
5801 9388
4274 7952
8897 4183
8897 1379
4276 1677
9816 2565
104 7807
5775 170
1045 4759
8534 6912
3219 4877
7439 1695
6500 1158
6222 2427
9193 6233
3455 9810
8594 7423
1362 9465
3538 6455
5624 411
6852 4288
2617 9395
4490 669
9737 8039
9440 8079
537 7545
2380 388
1329 3981
8867 1401
2822 4172
5442 5108
3523 3310
2399 1879
5505 437
6603 3718
3049 4258
7555 5718
8620 6292
2478 1689
4645 3938
610 1811
625 1477
419 1209
1398 1201
263 617
1204 7855
3615 934
5478 7152
3926 7573
9187 8169
6710 5762
55 7108
7675 8184
3888 6877
7953 2266
5133 5206
2635 3114
4917 3846
9623 8016
3751 6246
4826 9021
3147 6105
3923 6544
9051 5777
9244 1710
5812 1025
4046 2562
6147 7609
7791 9748
6802 7195
3228 3028
526 8246
3755 5087
6244 9221
7698 1675
8632 8228
4508 3060
6939 2838
8058 4561
9536 8198
5513 3450
4726 6212
9650 7783
6592 7599
2858 5361
7786 9699
4160 9421
7100 9965
1880 763
7321 1316
3794 6309
4921 7645
3008 5596
5646 7308
6083 2424
6852 7939
6498 6965
4856 557
7313 4919
4963 4049
687 6270
2444 2034
7429 8415
8815 5909
2124 6000
8912 7537
3022 8281
6069 3099
1593 8519
5332 3048
9152 4778
7841 4293
9021 3666
1076 1674
5591 1757
4404 8263
230 3632
7140 4565
8658 8508
2449 1524
2071 6493
9192 8139
5776 5842
2035 4433
2812 9543
7317 9400
4343 6373
5600 8304
8384 1781
2970 3716
1127 8260
6511 9033
3963 3439
4293 4273
6758 1186
9291 1589
6709 4555
7822 9279
6663 9322
9490 9856
5555 4563
4554 723
2354 4457
9645 9247
6835 7950
5958 5208
633 5438
3074 5265
8940 9594
4834 2045
1641 9726
1057 1754
2736 9682
3616 2511
9746 1446
9280 8924
311 5861
641 4797
92 8094
9572 7620
4064 4970
6506 9224
8289 6840
3918 4983
9026 4108
9306 3571
9579 9573
727 6371
4161 9017
6408 2908
2377 7210
8050 9394
5068 3320
8094 4224
3538 9118
4433 2664
872 3171
8136 4326
461 8680
2508 6444
8290 4357
3065 8599
9102 8480
9133 9932
4900 6291
1246 813
8043 3086
5185 9202
1327 3550
5458 7010
3637 1630
3359 3882
3998 9631
8963 1993
9083 8905
2702 7337
1687 6271
7453 2543
5910 6257
5772 6273
7265 1780
6439 812
570 8170
4398 6456
5907 1167
5795 5097
3001 656
2322 8980
2353 278
9247 9757
9387 8077
9120 5586
751 3488
8937 5056
5405 5569
3238 8481
4377 5966
6958 3569
3310 4425
4761 8326
6369 7325
5976 6823
7655 6136
1284 7740
3197 6391
4621 8
3785 8075
5549 8548
7091 4242
4545 35
3618 9075
8165 991
8083 699
9536 1223
8639 4962
8980 2360
8781 29
7738 2104
3891 6159
4145 8890
2398 5731
6460 9959
4418 4400
2941 2475
3739 7490
9819 7888
4719 5292
2203 6407
874 2720
7523 6051
8798 6537
4337 3027
723 7191
6915 8390
4828 6034
9275 7882
6927 7303
8893 9675
2988 1714
5883 4489
715 4977
2638 890
2898 2013
683 7685
2001 40
7892 8341
4705 5194
3312 331
6552 8889
4769 6368
4679 7717
9386 5053
1615 484
1014 6494
748 1968
3252 284
8315 650
5127 8145
1405 9533
3232 7125
2616 8720
1247 9380
7265 1814
1345 7718
1976 5276
5402 426
6202 9723
1984 4920
1625 1753
5673 7995
7247 6175
8300 6526
6346 2495
4798 2029
2693 9914
4822 6900
1818 4018
3159 9471
6642 583
9010 2833
1204 6361
8198 4143
1773 9555
8507 7837
1095 4061
1416 4755
2947 5039
8637 9139
3763 5533
2787 2098
9082 2005
4026 9442
8522 5531
4032 6497
2035 3587
1223 7840
7648 5030
6562 107
3197 1027
4979 8405
3393 1664
9719 2671
6497 5734
6333 464
9247 3524
4661 9607
1894 9972
4137 5880
1103 6675
7609 5142
2672 8913
7126 2275
5113 1534
8279 929
1411 5881
1581 3623
1811 1265
7019 6080
6974 8447
7465 436
223 9207
1259 2835
2068 2733
2291 6473
7155 9015
3552 2430
5817 2612
941 8763
5217 8332
5894 7305
7556 9821
3067 7838
8462 9999
5313 9146
1603 152
3961 2036
3922 5952
5614 13
438 3614
788 2579
3630 5363
3918 9158
490 923
9139 3121
857 7110
6292 2315
1025 2134
8947 9223
4484 3525
8385 8532
7810 2667
9594 7790
6566 7171
7768 483
4951 9325
5884 6374
6706 6565
5664 9663
1823 4447
5856 8109
1976 1100
34 7713
776 9976
1890 225
2731 9154
6543 9988
3199 9239
4478 632
5755 9531
1136 7659
6009 2590
7844 3469
2949 3818
3065 9036
7220 7782
7012 7495
9757 7540
2967 1719
6152 783
685 855
1727 4155
3958 4384
1797 165
2661 8427
3721 3055
1764 997
1853 303
1663 1038
6276 6085
9846 9137
2016 8567
3028 5437
4242 7336
3590 6791
5590 2630
5841 742
1638 2652
8513 2913
1214 4557
3123 1916
8178 7473
3131 9983
9188 6893
6904 2615
1725 9054
6829 3448
2398 6532
1752 2932
5489 3989
7095 2644
4231 3050
5161 8194
2337 1809
4313 2897
2889 8702
7160 7039
1496 5985
413 1296
5511 4459
8431 9078
3634 5636
55 4607
484 3551
9941 593
756 5037
3103 3803
1222 7149
1316 3728
3234 2760
6910 3319
5507 660
2893 6332
7475 6185
6053 2519
9226 2989
1867 8970
4490 784
8499 8756
2190 3954
2818 2834
9212 9260
3743 3386
2751 8921
6309 3273
9489 3577
8117 7022
8115 1400
186 8451
9951 1886
2374 981
2824 3893
2462 6697
6890 2014
5451 1385
9252 9630
1411 2587
7948 5234
4036 7670
1833 9095
2095 8999
1616 3143
3390 6054
6219 4080
6264 7795
9076 1465
1672 2910
4668 6450
4740 2260
4705 9903
9488 1041
6442 9968
4693 519
2966 5609
8442 6536
6422 5470
1255 247
2277 5650
4156 5689
2270 8008
2245 4721
6202 3082
6284 6970
5013 2429
1779 7482
7146 6394
2194 4754
3210 1570
2725 7404
3478 8518
3062 8863
9295 7913
2664 670
1208 8176
5265 4927
6344 7264
1054 380
4084 3643
6682 639
2560 6007
8847 5768
6219 1431
1593 2780
699 8688
7914 379
1318 1991
5537 3101
4751 3725
596 2160
2752 171
2602 367
1075 5433
9745 4648
2353 658
1877 7530
147 7319
3385 4394
1010 5717
6048 3598
2346 5540
2498 7820
3499 7993
3370 7399
3113 8066
999 3986
3135 1192
5068 4813
3972 6015
5044 9344
1898 9455
1252 5798
7615 996
5468 3332
1610 6071
5334 7393
5172 3110
3281 4711
4702 8555
5628 8434
9505 9424
4365 1403
4729 1533
5113 545
8702 2836
3810 4600
243 3736
5077 8966
7978 8936
6089 4718
7534 1313
7257 9206
1403 6717
9037 1802
7984 4034
4211 7058
6768 5702
9015 3544
8362 4654
5806 4519
3314 5352
128 7899
6029 3128
7015 1491
4400 814
7717 8907
4309 4678
5326 333
7747 3354
309 4907
5097 544
7063 7051
3054 9353
1361 2182
2431 5154
6833 5203
3697 4892
3061 5900
4335 1220
2533 6767
4718 6735
363 5098
5215 1117
9398 8161
1646 6409
3042 7517
3182 853
8421 1842
2417 7211
2152 3353
5749 7771
8272 8230
8606 8413
2604 5993
8079 4631
1275 2530
3329 154
6709 5995
243 6886
2094 9517
3619 9949
1986 428
5385 9943
2334 2814
9853 4786
7641 4882
2189 2946
2795 294
7423 6133
6953 7392
9831 8536
5173 7879
5520 70
5196 4670
432 798
2974 5271
9114 5328
5834 9756
3305 3890
2656 6703
7038 299
8118 1396
4493 7223
9494 5972
3739 546
9206 1053
7151 9801
6545 7340
3609 385
8935 109
9708 7221
7290 6310
2895 5732
1278 3698
947 9127
2760 4531
3658 8801
5501 2076
7334 112
7142 7468
4794 9270
3368 846
3488 9720
3627 808
3772 726
8190 3459
3951 7034
1118 7816
4995 8070
617 2828
984 6805
2417 3347
9971 1520
9589 6290
813 1376
1100 866
9005 6
5113 5397
4348 6296
3802 2448
2480 8090
5734 4012
8409 1227
4691 9886
4345 3242
9025 8538
7622 8495
8030 8179
4602 7419
8062 9851
1761 4884
2190 5783
7271 5695
2018 2239
4036 4130
8815 3690
872 5578
1213 9210
6459 4741
805 1500
2338 3701
5424 642
5656 9634
4951 5959
3459 8956
4238 8403
518 5242
8437 4218
5755 7616
4540 4319
214 9685
9345 3586
2866 5280
6562 5676
712 3919
6507 4975
4903 3706
3652 1381
4950 7902
9530 3443
1196 1536
7475 233
1859 1141
4615 9138
6969 2546
5917 5807
5883 2969
8887 1023
7828 5295
947 3447
1780 9104
1931 6157
1452 441
2894 7452
5330 3224
5982 1806
8239 3770
4578 7077
7058 3584
4247 8245
9886 8997
9046 3180
596 3959
3059 8793
2334 4474
6219 4910
8396 1954
2473 2629
3444 4550
280 6269
8118 8365
6137 5033
5187 5450
4276 1865
4370 5541
7524 9602
7472 8371
3289 5867
3127 7040
3935 1258
1883 4476
1103 5294
4247 7169
2898 4956
9245 7510
6054 8498
9144 8476
8546 8351
4671 9347
4147 1910
958 2939
1883 5666
1863 3809
1695 5391
6244 8640
2120 5252
137 8877
7967 961
776 1085
4091 5456
1817 4053
1640 6520
2535 880
9588 4
5087 2097
6459 4666
7290 3422
2415 9168
4211 1830
7333 7360
1048 7572
4562 305
413 5937
9418 3138
7543 3377
4690 8740
6125 1816
7243 7207
6308 5931
7430 2907
789 9480
3934 1692
8368 8345
1312 7542
7371 27
8445 7030
1986 3662
6182 666
7879 3211
2573 4171
3773 6230
5681 4546
8274 754
3561 8456
2025 6546
3434 6822
2038 4860
8849 6790
1805 713
7888 9859
5430 301
7599 3613
7814 4579
9049 7896
3491 3142
4934 8359
1751 5333
303 261
4793 3109
5649 114
4632 6651
5634 169
5608 8087
8427 7481
4323 6628
9730 6988
3401 5950
2899 9608
4846 2983
7159 704
240 9236
8624 4445
6843 5793
9252 2864
4631 4908
8939 4961
8021 4676
4642 2110
4400 6863
4198 9180
1733 2973
5279 4099
7213 2127
6662 9838
9146 8789
2664 7733
5025 7714
303 9562
4435 7484
5123 2771
638 8767
2779 74
4398 938
3464 2588
7024 7372
2980 6547
6707 3339
2092 4931
3663 9592
1587 1700
4111 1925
5172 187
2783 1565
1557 9110
1625 1977
3515 1373
4107 1475
7369 5
4574 7774
1572 3650
3359 291
2496 2761
1682 7629
3899 2091
6937 7048
9257 3408
7893 1207
9578 8417
9872 7324
9049 6638
524 5084
2088 7824
6113 6951
7790 2716
7668 196
2978 913
4767 9761
2266 1422
9073 1703
771 5484
1288 9909
2102 5550
6638 5953
6812 2357
6376 390
4156 8073
2407 3681
6374 1481
4108 8273
8196 1494
7003 5469
7311 3117
8130 8766
6149 2172
2602 6313
3690 8955
1954 1442
1812 2481
5193 648
1446 5878
6050 899
3690 7037
9117 5472
8163 4659
7446 6502
7469 9283
4721 3977
1230 7094
1613 9874
3160 8276
3906 3323
6567 8726
6000 3334
858 2163
6678 6017
6685 1940
1697 4054
2935 3481
4431 2251
6740 228
8151 8757
5745 2699
5120 1648
9228 7503
8532 7801
5299 3750
7831 1169
8847 1706
9352 6747
634 6647
8973 1328
4706 1037
3462 9921
8336 4641
5515 665
3192 6734
4663 5460
5450 998
3332 7137
7703 467
6715 707
3337 964
2588 7083
5635 5558
8037 1149
7429 3097
1732 106
6464 8568
4032 2263
4791 2896
4443 8604
9988 1800
8692 4292
3277 3030
366 819
8054 4713
59 2434
3251 1107
7311 2799
852 529
1333 2823
2735 1217
9851 7739
665 5941
7683 8028
5855 3255
1186 3826
1403 2026
6179 3999
4970 5000
7870 5316
6912 482
2858 7842
9236 4104
9699 904
9489 3671
9396 558
5860 505
6107 3216
7869 1878
3127 5846
3056 488
533 3280
6975 3735
1705 9740
989 8576
129 2564
5621 5146
2013 9647
3521 3326
2245 5109
8326 1551
3934 1022
1822 3889
5288 811
3928 6325
1613 2450
187 7408
6224 365
4767 845
8386 9865
2886 7757
5574 8714
7406 6554
9168 8559
783 3026
2610 8069
2617 3249
9078 3645
5980 8717
946 5506
6143 1337
4610 2985
7757 7777
138 8583
438 7944
3523 9783
1974 7858
2048 9001
7422 8795
3806 2874
6597 7696
222 2081
3350 6238
130 1513
3839 9762
3661 3201
386 8647
7110 4855
7486 5180
5404 5315
1578 7241
189 1430
2731 1698
7715 8585
7953 2766
7733 4757
7968 80
5277 359
4495 8835
364 3043
4983 7232
9884 4467
6389 2490
1642 1480
2756 8097
4539 959
8272 3212
2699 9315
6529 8852
3608 9091
1645 6820
1416 5631
8257 8934
1711 4057
7238 2276
1869 9600
3644 6162
5405 1216
568 8510
7473 5640
8415 6919
2763 5538
4367 4875
1146 4787
7785 6555
2046 6870
458 4261
2797 2807
1601 6059
6226 8156
9904 3265
1537 5117
9193 5156
8221 2997
208 3879
6100 1995
4567 6355
3347 4570
2396 7501
9158 4118
8401 9790
2996 543
18 8247
4053 9232
9353 2750
1570 1521
1395 6324
5415 2405
3083 6679
1296 3723
4064 3911
5317 9003
9540 9371
3351 6792
3444 6013
352 7504
2669 1596
2617 2244
1861 8611
4512 498
1041 5182
8104 8127
3332 5034
6895 2500
5177 9597
3079 3927
557 9002
3247 8243
2768 6563
9897 7643
500 9065
4560 9553
7469 8488
7137 928
360 9789
8140 1644
278 5740
798 6268
9810 15
914 8065
9972 2
8057 860
2175 6300
7220 5124
3147 3151
3109 2622
4824 7853
134 6336
4654 2039
8907 9953
6995 2707
4939 6903
9132 9990
432 7278
6370 922
4108 8381
6620 5035
4482 1279
3265 1907
8229 6058
8803 6817
2584 2217
116 9824
2668 6784
9679 8953
6355 9950
2638 2955
5113 7528
7176 4249
6210 2133
992 5797
7844 5324
415 2982
3237 9077
7007 5257
7345 1139
2478 2877
5331 5420
1646 5101
6941 2030
6337 2730
8611 8009
6696 1938
1090 1124
1069 9656
3076 8068
2016 5475
1721 349
941 8797
4367 5787
1814 5443
8368 2961
2432 2223
74 9913
2665 3597
3159 7798
2466 511
3640 9293
6826 4625
615 6957
403 5790
8709 2238
9349 9714
2920 347
3439 3946
9476 9552
7409 933
329 7268
1814 172
5081 1092
5909 5844
3703 1189
753 5694
3273 7588
6267 4742
9488 6644
380 5441
296 8119
1683 9203
938 4511
1489 3693
1480 9131
5974 630
2764 2952
9007 7657
5122 1512
6630 1786
3126 3484
437 7018
1534 3497
3261 6977
2781 4689
3908 6499
3045 7915
9040 4617
4336 4189
8739 8929
2799 8052
7617 5167
9576 9428
7355 9804
8028 2154
637 3975
8647 7318
4641 7825
4898 5253
1241 5742
2913 9213
6689 3576
9572 9877
1745 7442
1058 4985
7353 6453
1246 9355
4348 4662
5098 4305
5966 9642
952 694
797 1335
841 6883
3218 7081
3342 1766
1090 6027
9272 1656
9583 5099
638 3985
8020 8400
4702 2375
4554 7656
3229 5723
5966 7297
332 174
9936 3058
6858 4098
3361 7589
3652 5135
916 9427
1939 4453
2996 3014
226 3510
9740 5111
3636 3215
853 8950
6554 9479
1746 8607
2027 1532
5929 5962
5554 9868
7350 4895
9268 5018
5187 1882
2157 9218
7120 4449
1987 7889
239 4096
9902 9739
529 5924
6681 8836
9730 334
8068 4468
6441 3680
267 7354
6235 9271
5522 5293
4848 7756
7291 8785
337 628
5334 5184
5894 6170
5507 2960
5388 1206
3127 3047
9387 8418
2736 7593
5317 9379
5589 9405
2193 654
7975 1982
8365 8110
7190 3475
2187 6641
540 2412
6726 2723
6058 1942
9128 5629
493 2883
104 8055
400 1953
8530 8152
3234 193
438 595
6747 7192
5817 1420
1869 3011
6032 9012
1288 4606
4627 356
3295 4027
322 749
7482 9618
1641 91
3922 49
7971 1002
1266 5830
6746 7538
8714 269
5821 7866
2430 4987
1818 2387
7842 8005
1769 5371
137 8693
3739 1436
9870 7956
7672 2438
7611 6850
4886 768
44 3907
1940 7917
1281 4899
7609 8313
5772 1254
3881 2580
6509 2933
8477 387
8934 9525
9269 7227
9666 9541
5664 7526
1076 9016
6584 1458
6644 6363
5142 9483
698 5179
5749 6064
6924 4214
41 4717
451 1445
7310 9742
5530 6992
9709 6475
5870 8828
2208 3688
8347 3543
1730 8045
6353 3274
4341 3534
7369 2286
3945 8922
5627 1078
3251 8895
8390 3202
8158 1529
5176 8406
8468 1948
8889 1218
4610 7017
7716 8799
4625 6042
7560 2467
8874 5038
2747 868
9093 4723
5606 9478
8371 4914
2858 5060
8627 6514
8298 4322
1743 7183
1336 1455
515 4559
8585 8678
8381 752
984 7682
959 445
1346 3600
9466 6328
4893 8911
8609 6010
67 8612
579 8201
7641 271
6306 893
2115 7054
5317 9946
7263 4092
6604 1129
9656 8621
574 1888
245 9818
5716 7186
6610 4136
942 2044
5536 7744
1461 9502
1608 8751
8080 7021
3437 5700
1446 8826
8585 448
9428 5417
9586 9544
465 1297
92 5219
6008 7743
7321 3346
3944 9881
3464 3290
5678 9225
5466 1917
6681 779
5370 2069
4207 3647
1426 6020
8628 8862
8016 5610
9272 1412
2995 1870
6094 4383
539 9542
6169 8671
2587 8306
841 2458
3851 1636
2561 6161
2256 9498
3275 9050
7285 4502
6744 7904
234 5046
3438 6406
5195 4339
5690 8619
8745 8204
8119 1562
3664 9354
6389 659
3366 7074
1902 4015
4151 5639
4733 6831
1873 4685
834 7887
8512 9276
8953 3592
6358 5126
2157 3737
6525 7287
5069 7143
7622 3860
542 287
6719 8925
7777 5989
6369 5065
3333 5607
1521 9854
869 3380
9032 2257
8436 530
388 42
1056 1125
5953 7093
9840 6962
2649 5408
8059 5210
6962 4038
7878 6615
8385 9389
7685 3854
3343 9482
2171 4773
7022 2058
5295 5344
4408 1482
7294 2738
9294 4993
4901 510
9476 8108
3802 2594
4088 6319
2357 3573
3130 2411
6877 4241
473 6245
6320 6871
7490 6828
3195 8227
5596 5218
6576 2201
7439 9178
6762 7261
2147 1502
2042 1424
7968 3689
420 7514
7037 5171
9641 6440
8464 3302
2316 5061
7925 5542
1975 7721
6651 8517
4140 8860
2094 3622
206 606
7066 7069
7841 4821
2262 6981
6565 9300
8944 799
6944 3708
50 8886
7536 5152
4411 4283
8417 8167
8086 7103
7573 7078
8624 7906
1477 8920
7672 6163
5982 5815
6851 8382
1483 4525
1645 3748
9200 8760
9295 9506
222 1599
3551 7386
7106 8420
836 6322
3891 2282
1191 3930
8980 3373
7354 871
3721 8543
4682 4743
9790 22
105 1171
9756 3474
7659 6084
3049 2169
1360 3411
8705 1457
437 3204
8376 4035
3289 4066
4029 4073
9256 3424
1125 2538
6020 8352
8645 6426
5889 2632
2293 5857
7604 6158
3034 7871
33 2146
1333 842
7621 8505
8156 232
7263 1927
4241 5648
6788 3225
4679 7958
715 3075
1997 1249
3665 2441
4458 9249
1534 9570
6978 902
8237 7437
2995 8590
1513 3687
9473 2284
6843 3873
42 2358
4884 4152
3310 7129
5147 7164
4493 4021
2885 6365
3218 861
230 9314
7908 9736
577 4588
8890 3702
8054 17
3967 241
5126 3549
8442 5432
6882 2116
583 2581
5861 1765
7571 2572
6790 5616
479 5998
6313 9967
6876 837
1278 8284
73 466
8899 368
1869 621
797 7248
4947 1582
2570 9407
4694 3246
1444 9651
9076 3227
2496 90
9810 7996
857 6733
640 936
6460 2136
5249 2335
385 9358
6042 5963
483 8102
9032 3855
7301 9085
3388 9669
1665 200
284 1944
3227 5086
6189 3412
1880 7132
945 2159
2049 9304
843 8528
723 1846
169 3741
5990 4583
575 2778
4207 6200
6620 4536
2390 3793
9187 3291
5143 9
2137 8000
2908 224
8466 2972
9058 7013
3160 9918
4826 7218
2184 8529
9873 9176
2295 8991
2566 3536
9549 7567
5140 5376
9075 4807
8069 9833
6885 9648
1808 1906
3371 6879
581 4605
7453 881
4258 133
472 520
1185 4880
1449 8853
3911 1363
6824 1701
5798 5588
4539 3924
5172 7597
1395 1838
1916 8514
1426 1083
1779 5225
2537 2344
9326 8438
4793 9923
3576 8459
3720 9159
319 2509
8832 2416
1223 7391
5389 3612
8814 9060
4694 1419
1927 5480
8979 2606
7043 4842
4176 8584
1863 9038
3559 5675
4086 6795
9319 2862
6385 2745
428 8996
9116 7236
4107 7173
8582 8425
2212 6417
6337 7678
2948 3397
9191 8358
365 7483
3888 9982
1022 4209
4373 8060
1362 4359
7868 5922
890 2047
3193 6983
7742 8383
4271 5633
4160 5106
9327 1004
2225 516
8880 95
6669 3742
4291 3822
7066 2166
2991 7903
6568 1052
805 8144
3204 8497
624 6427
4195 7619
1097 8625
3796 5602
5067 522
9725 3198
5139 7762
5780 4320
3587 2109
109 8833
8976 8817
8773 6655
9700 1066
5257 3495
3211 5393
4861 8177
7160 7859
5495 4236
8099 8516
2560 2059
2786 9883
3357 6194
1551 6190
8801 9767
8420 8293
4017 1611
7436 3717
3283 894
9132 1835
6100 8266
5521 9998
5369 3672
5218 4784
634 9273
735 2878
745 6942
6426 5238
5023 4139
2968 8581
5152 3031
5146 817
8879 5799
6558 7496
6136 8053
4088 4037
8772 6340
5119 1723
1268 6168
4135 1860
6016 2117
4419 4133
7516 4790
5355 1633
2907 9305
9942 5655
5178 19
9431 1093
6127 6905
5214 7735
3484 8641
1974 7805
3295 3686
609 8294
230 741
9506 5792
2430 572
6230 7031
3767 8224
652 7089
583 2666
5771 6724
5352 2976
7730 7851
3261 4515
1946 48
7715 6946
6147 7032
6631 892
938 9582
9620 4055
8025 7194
7515 4501
439 4487
29 9296
3037 3096
7304 3964
1608 4235
148 236
509 8845
7335 3453
2519 5517
144 7848
5087 5008
990 6730
2197 3405
5191 281
3895 2603
3905 3493
4627 4613
4783 4188
4363 6750
8144 9537
5431 6534
6678 5151
8695 389
6984 4101
639 8216
7452 6171
7254 4239
699 4523
1368 7441
2190 6908
5135 7428
3296 794
7898 7933
3108 7632
243 4683
3703 1471
2903 4260
7867 8471
7140 7449
186 3789
173 6808
8958 7623
1860 5708
2320 3962
9105 5014
974 244
265 5643
2985 6847
9381 317
5339 7531
6631 1383
3498 7548
153 1734
5231 3952
8157 3621
3530 5908
2058 1943
2768 9962
2398 7426
5504 53
366 2309
7782 158
1714 9062
5971 7533
8939 8521
4060 9638
7360 430
6434 848
3361 5672
3304 3797
1406 8668
9725 7259
5505 9329
2717 973
8996 8957
7573 5712
6887 8927
7834 8378
6069 9357
7701 3250
667 5706
3663 4573
3181 4158
9530 1868
798 571
1400 6654
3726 3301
3037 5652
9319 7676
1532 8197
3228 1913
2524 8422
8068 5275
5462 740
817 5107
8552 3606
5088 2280
9138 9538
2253 1359
5449 6282
6944 7073
7571 4290
5606 8277
1241 450
3444 4715
7597 4289
9451 3340
9995 2623
7410 2497
3095 1367
6536 4307
9178 2168
4494 3691
2043 7778
9723 2222
3983 1277
2940 1115
3688 6918
2008 6516
6365 9596
4822 979
1305 7749
7819 383
3908 2527
8927 4212
532 421
5126 2343
7096 1317
1635 6469
1529 6052
1751 8134
5694 9898
5609 2321
5694 1749
1372 6645
3334 909
8144 2150
2346 3205
705 5662
5280 8861
663 6418
6995 4703
5620 5327
4632 9569
9367 7412
2337 1235
2147 4839
7822 3979
3983 2414
8849 7231
3185 734
9902 369
3976 8733
2337 2817
5035 1591
3371 122
960 6557
4003 3136
4109 5601
4664 3239
4711 7666
2769 5105
7589 5873
7787 3092
9797 4984
8247 8004
364 6077
7695 5400
234 1828
6928 5545
1097 361
660 9696
7829 5474
852 8205
8344 550
2726 8492
708 6836
4684 9484
358 790
8620 6360
5870 770
1012 2901
920 8287
488 3217
1679 7760
457 4182
8854 3970
7968 7706
2260 7741
7636 8085
4126 5851
2722 7064
1403 6752
434 7260
1109 4251
8990 5936
8582 2680
751 2643
6291 9432
7024 4677
7365 8565
124 5845
2684 908
573 9994
5478 4923
383 5089
2600 5509
693 703
3761 9243
3565 2422
1942 7006
9213 8775
3854 1155
4577 2958
398 440
2737 8138
4081 9417
1134 5736
8381 9575
663 3833
9502 7553
4091 8746
9194 5824
2885 7358
3205 1810
144 4067
1376 6686
3693 9511
3174 4874
7647 7111
2838 7128
3012 1003
5097 5544
7362 764
7889 8613
9132 6160
8756 888
1901 4350
4356 4858
2551 8593
3506 7385
4168 896
995 3777
5343 6749
1396 8011
4288 7934
1062 3156
4835 8946
2262 2249
643 6704
6464 8254
9 6428
9105 4712
6451 8131
6455 9771
6562 716
4822 1920
2490 3514
8744 3649
4585 5354
8316 2854
805 7890
9462 5289
4420 5072
6967 7028
1877 692
5527 7946
847 4809
9671 2259
6133 691
5817 6311
166 1738
698 4724
2048 5291
4645 5076
5606 1595
3211 4959
8314 4488
9057 2226
6098 4174
577 873
8763 4543
8770 6899
7319 4933
4625 1243
574 7379
4910 7239
6576 3784
4235 7846
494 4800
1271 1005
895 7411
5114 3328
4322 9448
8291 6384
2423 6174
3423 8842
9349 1654
6785 622
8516 5814
2671 2944
4757 5063
2880 5532
7629 3085
8820 9707
1308 3657
7407 5498
916 7135
2341 1340
1948 9443
2739 6859
9227 4385
919 8869
7510 1473
2680 5051
1805 7767
7135 51
4943 6783
1386 2403
8368 2792
1604 9534
8948 5500
4753 1029
4530 9119
2896 5308
4766 1370
4338 1959
827 3479
2645 6796
2928 9392
5691 5287
2424 5255
467 1951
2792 9458
8693 7951
7089 1464
4037 3651
3050 3639
1426 9079
4317 8569
4405 2409
7831 7618
8293 8231
9337 54
2743 4391
6262 7327
2951 3087
9597 8389
9948 5748
5885 1566
5257 2121
266 289
3918 9334
5500 7997
2590 7114
195 6551
8216 1470
6644 6413
54 2574
5287 2851
575 1324
3084 5485
3412 6216
5172 2870
2341 8199
7743 4483
3008 302
7410 7991
5696 4221
6687 5789
6413 9215
1631 2919
6473 9190
1569 7728
9057 1684
3191 849
8102 8149
1480 5913
3187 4750
5050 2010
3753 4854
1959 9195
2861 2784
2155 4170
1470 1478
332 9094
1235 8024
218 6531
9904 4849
799 6570
5479 4941
32 8930
4357 4492
4242 1263
9587 1244
2851 5977
542 6471
3557 3807
4884 346
6045 1377
210 6254
7825 1583
8796 132
1960 9024
4871 6074
1878 7042
1984 401
1819 8124
6409 3091
8845 7000
7801 3992
4401 3842
2092 4016
3578 5409
8612 6521
2883 5904
6799 194
5152 733
2290 259
3939 5887
172 9289
2230 4865
1968 5510
1565 4163
5821 1704
5110 1443
4672 6351
6604 3601
4696 5767
3073 1914
8970 2397
1739 6698
5456 9888
1213 635
3662 3837
107 7403
5884 2326
2398 5593
9416 6272
1253 949
9206 4301
3610 6490
9713 1355
6897 6495
1791 1673
4866 7980
9575 3670
7878 7797
9086 4324
6010 3492
4046 3656
4554 4010
1974 8747
7271 1775
1573 5445
6945 8681
7706 722
713 7115
3007 3567
8467 800
7254 9071
1783 408
9022 2852
6427 1106
7297 9492
1982 5920
3142 4225
5541 7651
6911 6173
7513 207
8360 6701
2926 3365
1776 1728
2338 5738
4114 6103
4011 4529
259 5455
2335 7398
8571 9343
489 2626
3129 4737
1254 1166
7573 6751
4881 3248
7957 4380
9652 5820
8803 5875
8726 9827
303 2785
595 8162
7016 9875
4976 7802
8423 4095
1069 316
8954 3910
774 8544
1796 1662
5416 1621
816 1497
8622 5914
3373 9439
2184 9866
2674 7424
2564 6112
9500 4089
5553 9871
8502 7147
5568 9785
8335 1128
8124 9661
5203 7020
5741 5502
5575 8041
8401 4254
9501 1717
7801 2040
6737 8664
7333 9284
316 7547
5633 9728
1858 953
4838 9640
8621 5752
6604 6782
4031 8906
9928 823
2779 4388
7968 3840
2301 5241
6284 1680
4255 3993
6797 3456
3712 7909
9272 8292
1216 5765
2284 9698
7725 9008
7812 4624
7879 6433
171 1538
5606 2356
8411 9004
5994 6963
611 4436
1852 5710
8542 1011
2137 7225
8414 4071
4949 5491
7943 6989
2148 5407
8436 1415
2797 1552
6350 1210
175 5528
5496 9527
4353 4282
1929 6487
7069 4442
1537 3188
5681 2962
240 8672
3691 9609
2583 711
2668 8370
2963 3451
6845 4758
7053 4940
7743 3463
1958 7658
5963 8563
232 1221
6885 8545
7927 8218
7736 3921
2807 7061
441 7584
8881 9163
2983 6653
3665 1639
982 5858
3091 4538
2124 3786
2497 8816
1624 8600
5159 6466
6145 3709
9025 2791
1415 1408
6436 4608
3325 5785
847 3875
4347 2028
1422 8172
830 4125
3796 2376
2573 111
2847 3947
1758 7750
2861 8553
8808 4862
6026 1147
1557 5683
850 5357
1756 5709
6665 4915
5878 2611
9392 9056
1336 2569
7497 8026
4528 4637
9092 7686
8154 8410
3157 4929
9574 9375
4533 5158
5411 4980
6946 6832
3015 2758
2588 351
2674 9324
785 9469
8043 336
9813 6523
5753 6549
6001 6745
5506 1961
9613 9437
4017 3461
372 5094
5895 125
7716 1620
5745 591
3075 3094
8220 937
4839 9340
4635 1105
9825 4965
8085 1696
4874 1980
5617 3063
4502 4330
7507 481
4284 8159
5117 4148
447 3245
5248 7876
4040 7947
9095 7764
8599 6542
8377 7178
6797 1353
9396 3733
894 7570
2133 8614
8105 9780
8631 9835
7925 9285
2264 3430
1361 6121
107 7011
1281 3036
1484 4213
1204 2734
4209 6403
690 5651
1620 2659
844 7727
8127 6297
6954 2332
5984 8598
48 5377
6301 248
8538 9023
1358 9377
4520 8461
1442 3389
1118 600
4786 3152
7167 7035
6797 9435
2635 7932
5366 5095
1018 5947
3449 2074
7082 4299
2074 6215
2983 3421
4102 8084
3621 9706
5478 5725
8205 9507
8281 8804
9557 8457
4494 6293
1394 6794
1924 8006
9314 809
1067 5223
1519 8211
8250 7300
6248 7519
4311 7751
2175 5773
2714 7520
9825 442
9476 3403
3764 2767
2120 976
4472 2957
6840 7166
9654 4868
2822 3307
5887 97
1613 7116
8572 7273
5256 3594
7907 5566
3459 2162
9664 5791
430 682
6542 2370
1955 5102
5037 2803
9949 2856
2612 4535
6954 2627
7807 1409
8136 2349
6603 828
6710 5565
8275 4142
3058 7443
4319 6667
4386 3358
2280 6658
3664 9214
9697 6223
1151 6483
223 4085
3992 7753
6401 6383
6888 1492
9041 9434
2086 7127
3655 8865
2869 3745
9168 7499
537 644
5805 5516
8260 9529
9418 607
8932 4909
3612 1685
9163 835
486 7761
4930 9067
7116 4272
9942 5847
1003 2729
1166 4315
8598 5813
7917 1561
1444 7998
1609 4178
9283 5001
3529 9653
5124 765
3751 9363
8123 3112
4940 3362
8103 8959
2804 673
4307 9691
8939 7929
6506 5659
8144 7642
7952 9927
4006 5663
5784 7396
5847 7237
2068 5619
2187 4988
5342 7494
5086 5973
7834 5041
6292 5877
1327 4364
6651 7532
3464 8857
7993 2400
7757 8297
514 52
9906 8566
17 4762
2467 2243
8479 6070
7816 5879
309 5572
6344 5320
6417 4124
4198 2523
5086 3287
7539 4990
7517 191
5963 766
5566 2548
9770 9515
8542 4622
8461 5923
9169 9153
8420 2274
222 1887
5847 9829
6454 1871
3721 6849
3188 4996
6572 5282
7962 791
9670 4117
9923 1755
5521 4169
4719 2355
6562 8618
6642 7722
4187 496
7249 9474
3844 2455
1284 1096
8068 6199
226 8330
8191 8219
4433 1079
8133 7959
210 5921
1054 7960
3885 8851
9618 8215
8955 4033
7470 647
490 185
7263 3223
7142 6234
9811 2327
7347 3383
9897 1632
5271 7608
7394 3427
8396 277
2396 6819
3193 7638
6465 4196
9191 8180
5856 613
4261 5150
6836 2082
9096 6036
8420 8633
5536 7123
6881 3859
6293 6326
8727 5164
3899 7374
4234 5066
5330 4837
979 3792
3442 4547
7933 1576
8915 9519
1917 2568
3688 1966
9439 9944
7419 3957
9880 7506
2049 146
9913 2700
6871 5212
5248 9089
9709 2891
8705 4451
4779 5362
3079 2228
2295 1006
4374 5482
3748 4704
7862 6458
8163 4687
8572 5305
6270 6119
6361 8679
2822 6714
2006 8366
3284 485
4239 2839
9144 676
7466 3355
1877 9142
2596 7252
2287 7815
1642 8684
210 3695
1910 4954
3463 8424
2691 8965
6613 7479
798 2077
9139 5668
9902 6364
3961 4028
146 6019
7556 2657
4019 9335
7374 1123
818 605
6364 2938
2083 4123
1569 1001
1123 2174
633 3942
662 4454
9311 6866
3065 2139
1577 2683
2018 3914
4663 9237
5038 1973
2872 4595
4449 1295
8034 7964
2419 5687
8404 5457
1018 7781
5737 9013
4260 1152
9728 5850
8357 9842
6621 1091
6786 859
5574 6512
2872 2318
7026 4504
8941 2143
6333 4215
4546 270
9049 9807
3686 4005
5778 6256
4335 4090
7993 6854
582 7856
4680 9550
8813 9980
6554 9254
4158 1392
783 150
6130 6672
1012 8723
7426 3624
5732 9241
6639 3570
9855 6438
1774 4362
3770 1205
1164 312
9353 4698
1301 8969
6141 2100
2652 4074
9298 3605
1277 5557
5441 2359
8609 5849
872 6956
1391 6761
4264 8978
7308 2595
5892 300
2516 9164
1676 9775
9301 417
9891 8369
8683 1472
3151 8800
4890 6846
6559 5419
4559 6538
3419 8096
6034 8713
6911 6207
8815 7653
3725 8653
9030 5198
23 8986
8969 5168
7407 810
9161 1790
337 1556
5663 9043
6974 2347
7271 476
2847 681
1533 1741
5699 9409
8827 4542
6530 1990
3910 7262
173 8520
2843 592
1323 4122
9004 4891
4283 8173
1817 9715
4274 1157
6613 3674
9362 7972
7218 71
469 8128
8871 9721
6924 182
4621 4475
2898 8706
7903 2705
6802 1007
4642 6922
5025 5403
5145 4217
1164 188
464 3500
5721 4799
9804 9385
4554 2472
9737 8397
6651 8022
250 4524
894 517
5419 5826
5263 5155
5548 9598
1919 3348
7524 5682
811 8914
556 2020
4687 2471
8790 8282
8198 4013
8915 6775
6082 1026
3841 2884
6571 7162
3598 887
6572 7649
1465 7401
476 6940
1214 7274
2245 9803
8215 1423
7297 7427
798 1417
5836 2986
1940 6252
1018 2673
4916 8141
2042 1307
7727 9580
444 2056
3548 5423
8221 2624
9162 6806
265 5526
3488 1970
8063 631
3514 5031
7803 8840
8879 9446
2793 1320
5781 6533
9403 9935
6186 8696
7521 9456
4169 6517
5502 6118
2031 4885
7636 9984
9108 6334
2155 83
7088 4971
8075 8665
2955 5711
2253 6825
4504 1049
1066 2070
36 1421
4630 6626
5707 304
2886 3263
1704 9606
3801 9182
6888 3517
1911 9718
755 8267
2038 4203
4356 4351
6053 2379
5258 8262
7116 8690
3536 7023
704 7097
705 8356
4285 4587
2569 6935
5942 8806
6604 7240
5417 262
904 706
5791 1508
8616 2488
160 9993
2825 7084
2371 8931
3108 4989
4175 9668
7873 2167
8706 3374
319 2173
2472 2363
3580 9684
283 3900
32 6952
5552 6496
4404 487
8720 9847
2732 4746
3635 4414
6403 3176
4198 966
6645 2534
2869 2439
5033 6124
8124 5216
8515 4115
9674 4378
181 7280
5228 8873
345 1934
6523 5244
3965 4852
7076 9297
893 8333
5983 6614
5718 7474
4245 327
1952 5348
7887 8355
91 8017
8632 4818
9937 3780
2061 4407
1260 3119
7322 6181
1381 9659
5751 5561
1925 9899
3531 5229
6001 1516
6634 7502
7197 1009
1362 4208
1565 8265
285 1474
3198 512
5816 7498
5977 6766
2569 6188
1372 983
8478 7112
3911 8331
7990 410
7023 2391
7081 646
7647 1348
1706 4788
3644 5205
1168 2813
3737 2741
7426 69
1481 2648
1849 4500
4594 4572
190 6837
1470 3440
7280 2105
4576 7578
3582 3208
4223 7438
2635 9107
1650 9436
3080 4460
4188 4087
5179 2350
3548 6976
3181 8821
7934 204
4793 3392
9571 2676
116 3364
8796 3754
8663 9351
6327 6120
9482 840
4948 3547
1641 4829
150 1459
9295 3189
4056 2789
1500 1760
2069 2746
7366 1504
2163 6028
9201 3757
1121 9406
3618 2440
6749 4841
3375 5115
8475 1140
8568 7969
6446 2609
1591 5763
1198 6848
4876 3579
4925 156
4055 1488
6788 3233
6292 5744
9556 867
5621 926
5472 7755
8973 1051
4941 9800
9107 1724
6540 4253
366 598
2720 1148
6134 1702
9642 9584
748 7075
4799 8623
3414 6047
1062 1113
2049 3098
2047 3824
1183 8725
5407 9823
9833 5209
9716 7558
8907 8830
1865 184
239 3090
3555 3394
5823 9248
5889 6294
4157 1310
7377 201
6268 5075
4566 5019
3797 1030
7857 6763
9051 535
9959 6650
6398 7131
2637 4924
2657 1634
2956 5622
9952 1885
5625 8253
6936 1341
7338 1314
7826 6990
2938 7689
5465 2888
4263 4999
6296 1467
1595 435
8371 6354
4009 9368
4906 8885
2885 9126
6611 5483
3621 2842
7593 6285
1246 940
1637 1331
7271 8318
2500 4421
8380 9328
158 7101
1453 8107
450 2402
3262 5221
5403 4415
9565 854
8886 7813
4555 9792
3161 6756
4916 3593
7980 5435
8610 2844
8633 4068
4567 9869
2807 4850
6287 2368
5256 5992
5571 377
3896 2487
879 4093
2241 2890
3491 1334
6750 8699
8296 3572
410 736
2957 6484
1139 4393
3482 9732
4106 8549
6411 4590
1789 1985
6311 3268
3528 2653
917 5170
747 1120
6170 1402
6295 5188
363 8562
4101 1082
2372 3395
3401 7665
1025 8504
3185 6947
6954 930
8102 8286
3587 8878
7926 688
3052 1726
1726 5021
8442 1122
459 2051
9314 6375
2411 5948
9569 8661
2278 335
9700 3696
3276 5653
8207 3532
8479 7382
6096 8217
9220 2646
4722 8443
4635 8786
8004 3704
4714 4833
6207 8040
9105 7928
5792 5986
1700 5956
8139 8249
8162 9045
9852 6117
6870 6323
9795 2959
6352 6479
5208 8977
835 5978
4468 5827
4136 5818
9818 2476
2164 6875
7424 9722
9274 3516
7051 9947
607 9472
9356 939
6840 5720
8882 3308
7991 5579
7482 620
1067 9453
4109 3134
2309 2489
3319 6661
2795 2987
1761 6255
1370 3460
1885 282
9152 3363
2249 100
2349 5560
1150 2853
8431 5750
9233 9364
6688 1439
230 5604
5817 1670
8941 8794
2051 449
8673 5926
4348 584
4464 9401
5894 8573
6306 164
4445 6948
5242 4331
6508 5350
8282 5414
9566 5559
8569 4333
8110 8430
1538 4216
7976 6729
1959 6607
682 5374
3619 2151
7071 103
4865 6196
3573 1102
2269 6011
6783 9887
6160 3413
8626 4816
3404 6093
2275 2698
3116 5378
5460 9323
1986 1857
995 8236
3228 9461
6440 2433
8466 5701
9176 2202
5143 9341
102 6580
8024 9867
1934 1876
2458 8501
1414 8634
4147 4589
6569 7586
2196 2556
7114 3778
7806 7118
7348 8155
5557 3542
7688 4481
7869 4173
2146 9470
5012 3165
7146 7488
138 4097
5799 7087
8160 2845
2609 3984
2375 8892
6630 7464
3528 8202
7397 9546
2071 5661
2952 3190
2923 7206
2664 2597
3408 6286
2964 1767
7957 6757
2887 5199
6985 3477
6269 1228
1158 4302
5838 7522
757 4889
4481 1511
194 2715
6516 9072
5059 1460
97 2549
774 4310
660 8200
5111 5848
6279 6625
9212 1283
1307 6115
9582 8896
200 2501
6703 2087
3546 7400
5149 7180
7594 6649
2707 9632
5015 6664
1464 6582
8934 6183
3176 3053
4225 1212
7440 8455
5014 5190
3517 3707
3759 1104
7323 3566
9813 2662
8111 7342
1418 7614
7227 8348
223 8547
7026 8596
2391 4471
2829 6317
3737 7763
1110 3122
3510 4775
542 6388
4627 4776
4835 833
4984 8412
4271 9925
4223 2273
3589 7330
2387 8605
6979 4503
3224 9539
5285 6448
1378 1829
8095 2879
8657 3220
8464 4201
6075 2170
9832 9034
8745 7363
4884 9753
38 4427
4029 8638
7898 396
6245 43
7172 5246
8616 5692
1480 381
4335 8503
6152 4582
137 8550
1455 4496
511 6677
4074 5997
1286 161
7745 697
502 1574
5090 4521
8817 1836
3528 9522
6973 3870
965 4141
3343 6014
7757 911
738 3221
274 8784
546 7255
3273 7612
5606 9253
5525 967
3271 7592
5598 9504
4745 8486
9330 7119
8016 2578
7537 326
3233 8850
4578 6838
9923 2382
3767 8122
5741 4532
1307 9683
4900 330
7209 4047
6963 9130
7981 3420
1421 3756
6499 5356
3782 2981
2499 2457
4954 6994
2931 6278
9016 2366
8718 4596
2389 731
2884 601
5573 4527
4755 237
6041 4059
1662 955
7459 2435
9610 1112
6533 8650
7997 4825
5255 4069
355 7122
3914 143
9661 3490
830 2937
4241 4078
683 4580
4995 4426
2456 5476
319 8961
6078 7690
6233 1292
4776 9518
7842 2089
956 9798
4465 6316
1732 8782
1939 9768
1117 8617
4372 2224
7361 1647
5732 6670
9792 9361
889 725
8987 2145
7074 9889
6866 5473
1242 4926
1113 5835
452 3956
4487 5623
7243 4853
228 8662
2875 9940
7870 6718
9063 2830
160 9772
7890 3381
4207 5946
4336 4248
8280 26
6544 1553
1455 462
3860 362
6736 9145
4920 6283
496 9222
4675 7702
1873 8557
2452 9309
5018 5705
4392 8506
4627 796
5229 9727
2017 6087
2055 2640
3966 7068
2153 8078
610 1851
4411 4720
967 9299
6862 3471
5485 7050
7917 3564
773 6579
1774 2142
1072 6869
1995 8320
7132 7861
6300 6839
8584 9516
3769 8981
4062 6338
4737 6548
4018 6259
2093 3795
2856 9006
9718 4896
3842 2483
7024 2191
3074 9238
2224 1915
5455 3816
6745 772
562 3418
5255 9879
4611 7660
2221 3878
5256 8602
2031 8535
3218 7389
8729 178
146 8636
2843 5428
2856 3625
6962 2078
9371 6073
9015 614
7434 1518
4061 8153
7333 7292
6794 8802
8563 5467
4663 3867
6244 7001
8692 4265
7392 674
7613 6106
1374 6142
9459 1282
9694 7080
1998 4820
910 2101
3053 9677
3918 1933
6192 8917
3376 2129
9344 3771
3997 8309
7856 9267
4291 463
9710 7752
6381 2567
4658 3000
7320 9836
2957 110
6766 8353
1322 7025
965 1918
1321 4229
2359 3539
4773 3931
6283 6739
4554 1257
2424 2477
723 8428
3255 7228
8453 1070
2511 5281
2760 9963
2614 8811
741 9122
2029 3932
6142 7174
1542 9487
6190 3299
5182 3814
6300 1571
5051 4513
5057 4997
7951 6673
4114 2176
948 5071
9329 4618
1036 9101
1895 4859
5746 3044
5553 7256
1022 7965
9879 6556
3790 7610
3818 8818
199 6596
4346 8985
7706 7872
6667 4537
4954 8100
1382 1501
6619 414
7399 9858
9640 7005
6616 8346
1705 8728
8990 7663
1814 7529
7735 4164
7783 495
5958 718
282 5874
4471 3457
3684 4586
3651 9643
512 9157
2633 6424
3906 5004
3938 4325
1653 7712
8612 4344
9497 4592
5445 5951
2960 8225
4929 409
4977 7302
721 6636
3906 8918
1825 7368
6413 6261
6274 3585
1967 7854
2634 7633
4570 4732
3235 9864
7768 2559
6672 729
9375 8964
939 7897
5430 5839
1203 7603
3634 4811
1113 547
6480 9758
1670 1364
1334 5809
617 7754
2257 9834
5926 8749
579 8774
5227 4564
9090 3070
4156 5306
3651 8539
8684 1032
3630 6501
545 9523
2849 9857
4164 5153
5019 68
5250 3894
9278 9460
2700 5969
3499 3258
1681 5603
6365 8541
4249 8056
1734 7654
1536 3038
5716 7161
9125 2248
1677 2220
4078 6201
6768 9048
2856 2386
7668 1971
2503 3602
5861 1612
8874 3912
4351 7458
6198 1287
4454 5955
8984 2131
3 3278
9529 2119
5193 6513
9834 9717
1466 6913
3274 7895
7476 4863
5994 215
9048 8367
8975 6302
704 6221
9614 7415
2770 9561
7207 8402
5083 9240
5439 9850
3073 11
4206 2881
1279 3886
42 2660
6839 8916
3979 7847
6392 382
5185 9957
5930 370
3291 3845
9644 2123
3976 6400
4622 5375
2481 2704
7926 7326
6663 220
8524 7177
1076 2250
9740 2108
4799 4716
8883 1547
3200 9712
1473 183
3870 1300
3333 8791
5486 3800
5224 4832
3093 3638
3897 9885
362 7554
2354 6873
552 1231
2376 6423
3682 231
6711 9844
1981 7251
4382 5919
8223 249
7194 2585
5041 3303
4732 416
5806 2485
3480 3591
7609 252
9654 664
353 1716
4833 96
1281 9896
8368 6239
2959 5938
7913 9563
1368 9263
1477 9312
6911 3088
4706 5829
3700 4628
4518 4928
2134 714
25 1614
6950 6314
9037 9964
6009 4316
1278 9029
1698 5453
5446 8715
7098 3032
2157 3727
2110 6172
6446 7691
1636 7671
8445 4819
810 8001
2530 6104
9847 402
3610 8864
6354 5318
7597 4763
1559 8114
7674 6720
7318 8183
763 6573
1682 3178
1770 6633
2284 5426
3955 7109
5157 3069
5916 3155
9662 8866
3258 8754
1487 4439
3160 6646
171 7565
9092 7525
5105 6116
3289 5418
2663 3563
2807 1165
6391 6055
2038 8472
9044 5269
82 7938
7892 6288
1360 5062
9125 9419
6237 1339
3617 6447
4142 962
5000 5080
5382 9121
2346 6205
550 9262
7839 5045
2054 7667
8352 4937
8445 8856
5307 64
9160 9088
3932 2214
8565 3468
4221 2218
8992 7922
3947 3936
1692 3683
3210 2805
3148 8126
6363 2285
1566 4052
5457 113
3445 6228
8525 8737
6093 7758
2769 3473
597 2994
1841 9686
5115 4308
1800 2135
777 3779
7334 4710
831 7092
9873 9733
4412 2719
663 608
2347 3892
3945 7963
3747 6031
8959 7916
310 2213
2917 121
4939 7833
4260 217
4648 2336
4745 2313
5809 5131
2384 7559
547 7113
8567 1522
8965 8168
6988 6390
1102 7491
3771 1837
4528 1437
5616 5440
5480 7457
2322 8743
8454 1098
4068 9423
4511 9265
1926 4844
6869 8738
2486 5401
8125 3887
5945 1101
4779 3874
6444 9408
7127 2550
2191 2144
2053 1179
4602 851
3762 7307
6690 6777
4721 9495
5164 8186
1292 6209
4082 6176
3862 5981
7456 4360
5836 2084
6879 453
8514 9794
2320 6387
5396 8465
3355 4376
4858 1666
4506 8928
434 6144
7396 3509
5816 5264
9122 3472
5640 2340
1454 8206
8847 5964
2105 8269
5359 3828
3174 3560
1361 1387
4296 4480
7178 2631
9794 5896
2556 3206
8759 820
5669 9208
5228 905
2203 3285
1164 4191
7318 4831
9873 9524
6231 1490
1240 604
7085 6755
890 2521
3212 3903
3412 7600
2098 9512
8287 2394
5288 6318
3541 7060
7857 6076
6828 3819
9082 3694
4262 1947
2432 6993
6837 7989
7608 3139
1070 5452
9729 7605
9275 8586
734 6478
473 6732
6780 1606
7213 4042
3600 6097
5093 1535
2095 5686
437 6044
4226 1137
5009 3416
5735 8697
7498 6834
6958 4653
1593 9958
739 8440
3257 6122
4960 9378
1695 6099
4299 7390
6523 8730
4869 1375
7174 4328
8088 1831
3754 877
8217 2921
1602 2064
8633 7794
600 9689
4807 5116
6326 2009
4140 3306
7683 4079
1650 2447
3105 2882
8364 1462
5639 7306
940 815
7126 8325
8379 477
4432 3553
8010 6916
7594 9360
5174 9350
4254 9639
2582 671
569 7269
4763 2827
4675 9793
1339 7818
2524 3425
7317 3507
1797 235
574 9413
9915 6827
5712 202
1587 4437
5384 6627
6603 9625
8119 5335
761 661
3888 6043
8880 6072
5665 4399
6002 2305
6768 6342
2807 3435
2128 6684
3707 599
4649 3554
2355 2325
2032 2395
5529 4065
948 6889
1726 8283
6615 5189
3735 2050
9523 8703
2009 8872
9267 5003
7532 4358
7884 8098
2861 3673
4611 5283
48 425
1242 8597
6429 8721
7479 8343
4955 2022
1216 8708
5027 163
6529 8373
8294 8687
458 8822
5705 4113
7447 4781
2318 1541
4883 6129
5071 7044
4683 7277
615 5800
8531 7208
270 6702
3165 971
5587 8579
5653 8630
3677 5278
4727 1813
9102 5459
2186 6602
2013 8894
6273 4827
8802 5298
6858 9189
4054 8908
3083 5876
5232 3537
3556 1605
1011 6774
8059 2426
7481 7045
7157 4843
5308 6594
6029 4250
911 7732
3442 7576
2026 9893
799 7357
5252 2288
2810 1875
9018 1270
1760 993
9363 9956
2368 9099
8030 3006
6502 9320
2869 4286
4289 7387
5074 4938
6198 7527
9660 1248
2953 8074
4518 5794
1470 6778
4713 5202
5073 3805
5699 7138
429 5764
9295 759
5496 9911
4054 2177
5131 1486
2089 4304
9811 9171
457 8375
7731 2993
1267 8993
2973 5247
709 6591
163 5944
7618 3783
5077 8349
8801 9939
4539 9593
5979 2979
8599 2749
9686 8722
1899 3669
3619 702
9180 6415
7506 6486
9900 6921
7297 9616
994 4913
492 7637
1628 3675
8152 3236
4755 1493
597 5329
2509 9839
6134 5852
4703 957
8619 4300
6902 8233
3787 2522
3837 3266
4236 6467
8662 2954
186 8898
7911 9922
6796 8741
1284 6801
6865 9468
3630 238
5956 6727
8530 2744
2501 9384
2717 446
2455 3230
7404 590
6521 786
3525 6180
3063 2816
7234 616
7112 4629
3910 5667
9852 1302
7078 3078
9723 9747
6406 9820
8313 7370
3550 8666
2664 9251
4629 8036
710 4946
6282 5890
5109 8142
2289 5481
8373 9624
4916 9014
1421 8091
3862 6524
3057 8164
8340 7942
7660 4410
7108 5831
3645 3902
622 1517
4674 2628
7334 7229
823 684
3994 4544
8261 5346
3402 8174
7722 8909
2733 668
6271 3877
6234 4994
3106 7467
776 7692
2514 7378
3563 1788
6275 8240
9263 3144
2428 5886
6716 7973
3500 6640
2276 6088
683 2474
4638 9100
6871 6062
3919 7988
5788 9917
4197 7065
4532 324
7357 2820
6532 81
7834 3111
3144 9404
707 6725
82 1555
7856 6220
2049 4041
9800 5303
2209 9084
2646 1447
4314 689
7955 2990
4325 3344
9903 5697
9643 6907
7498 9799
2310 4327
6417 8615
4316 5925
3007 2067
2242 8342
5040 7500
2936 3409
6900 6416
3267 1440
8513 8783
1552 5166
1290 832
1787 7219
4746 8855
8875 806
7336 8446
2927 6109
4930 7994
2852 3145
954 4810
4085 7596
1897 7448
5443 7883
589 2685
9698 2392
2407 6449
3250 142
2006 1905
8479 5273
4476 2821
5631 8031
4837 1193
2116 6671
3105 5421
9777 6789
5856 2329
6097 2540
1011 6138
7153 1354
4577 1119
2787 5319
3694 1834
6727 580
9786 7352
121 7684
8960 564
1414 9111
4507 1468
3574 8810
5169 7462
3940 4516
6125 4121
4508 2461
9650 6150
8046 8354
4346 5859
9459 7836
6338 2470
7425 3969
1331 3169
8391 1190
2176 272
23 5577
2733 5237
2553 3679
9041 9370
7643 9258
6542 3513
708 9764
3621 501
6857 9828
7358 4973
1896 2711
2624 227
8991 3005
5103 4423
9453 4623
2839 3387
4207 8387
2761 1657
8226 4972
7820 3194
5327 4918
8506 3441
6598 9933
4025 7014
9437 3847
1898 8526
7842 576
5438 4792
2511 4120
5594 8967
1219 3071
7742 4167
9253 6748
9300 7388
1520 1667
7558 9503
94 9987
844 4430
4953 4278
4649 3829
5594 5448
4335 4998
295 3865
472 9429
2529 4878
4593 2072
5785 6955
9047 5254
8293 5988
3635 8189
8233 1661
9703 4387
2328 1839
3069 1972
3109 7982
4713 4134
1836 4368
1800 8238
3033 4256
3455 7384
6257 3064
796 4023
6751 7566
3198 8116
7194 5207
3888 8902
4941 9000
8912 8667
1533 4616
2231 9822
152 5079
7735 3288
3388 9924
7989 1042
1004 7894
4385 7351
9065 288
4186 8195
2178 7541
4214 8469
970 9410
410 972
3734 8072
4822 2033
4455 4968
6653 1434
9590 7723
145 2200
9434 5987
8869 4277
2214 508
1570 7700
4473 5386
1552 1909
2136 9814
7625 8463
571 5897
9206 8995
794 424
1188 885
399 7921
1434 209
5856 6419
8921 9106
4978 5595
7226 1174
7859 5220
4060 4022
3029 1303
6320 7052
9722 4077
6308 89
1802 1245
4253 1778
5721 3916
5656 7205
6605 7179
4091 8870
8822 9907
5215 9331
4392 6949
7082 6541
3428 1013
3739 6396
4677 8843
8762 8952
1510 6505
4046 2198
7522 3817
879 8825
5377 8374
9819 9141
70 6807
7686 5463
3610 5183
8467 3222
4537 1044
4914 8327
9775 8213
7724 8635
6283 8392
1682 4469
2634 5387
1410 5368
8705 1238
5308 719
8886 9989
570 3738
8892 5679
7592 7356
735 4444
7536 7518
500 3166
2461 1077
2915 9302
1300 7673
2821 8788
7411 6841
3348 5240
5775 1108
460 1506
6332 7270
816 4803
3054 2385
9314 4789
1947 8652
1786 6488
1061 863
1550 3830
3894 3140
6017 4116
9367 6140
1669 3982
2370 7512
4970 2406
2840 56
2776 108
3651 7049
5269 1928
2093 3019
5719 8527
2214 9749
7919 8812
7491 9508
1814 4379
2087 3040
9920 4768
6549 3518
6201 7860
4132 30
6055 3711
6161 2298
1409 4100
9692 9390
7484 2547
2351 5230
6830 5392
2038 3260
7415 1784
7300 6917
5247 7070
3112 4275
4427 5310
1426 7966
2517 9068
5116 4945
6763 4083
890 1369
614 541
3724 6804
4055 7999
328 9098
1756 9064
274 4569
2035 8888
2601 7489
259 2591
1565 2024
886 8449
2404 7376
879 6243
2446 4352
2456 221
187 9724
8933 3581
9884 6856
4927 2494
8133 2235
5995 7418
8462 1131
4747 4655
3388 8575
5534 443
5010 2181
3774 4452
9554 2418
7641 5268
2007 9938
3622 5934
4759 1900
7356 8166
1060 6581
1197 9892
127 4725
2983 8989
7068 177
3779 7720
3361 935
319 6091
5787 5261
3082 5811
1003 8943
3947 1229
8628 1936
6456 4259
7380 4199
899 318
1001 9129
1602 8419
3825 8482
5071 6770
7112 7235
5036 7182
2217 6379
7499 1798
2901 6395
7934 3207
303 9617
8751 9779
7840 1904
4089 9567
4710 4269
1387 7561
244 2598
7963 1250
1227 4756
8462 7454
2438 2114
1191 2204
7274 6366
9351 86
8393 7563
8898 4354
9537 5336
1609 6060
8341 286
1081 3522
983 4267
4179 3508
6169 2687
3521 7863
5675 9985
3863 6868
6407 1116
2509 6844
2075 7414
5413 3282
1208 1182
1837 3909
9455 4957
4330 4942
6742 2651
3524 2593
3889 8270
1783 9441
6643 8834
468 8339
444 9255
7765 9601
4049 3653
4589 6217
4902 6022
9790 884
4534 4144
7951 9080
5996 6242
7153 1889
1781 9140
6543 8322
267 5615
2603 6695
9077 6399
8864 2211
5262 3003
4105 3607
6240 8121
8297 4306
9385 1293
7772 906
1039 8591
7153 3132
9828 8707
2368 3526
3611 3692
346 9059
8667 5213
6992 8500
1506 1338
7712 9433
4351 3051
6271 2506
7893 9876
9688 8372
3709 2401
7591 8682
7370 4749
3898 6359
1438 3901
705 5674
8453 4817
3340 9560
9820 3426
6673 7154
9327 5899
1225 2930
4726 7549
5955 3631
7229 7250
6601 7789
2598 3203
5256 4802
6531 101
5093 1215
4505 4864
1372 8295
6468 397
6259 7281
2254 2132
2420 1594
7167 8491
1892 3173
533 8654
3340 988
2779 6155
5611 1999
4360 2304
9217 2992
2332 7748
2731 5322
6820 9242
8934 3861
1247 8232
1450 8019
4252 7130
6590 1526
7197 5804
7798 321
9261 4204
7145 7279
3178 6021
5080 2924
914 3487
5988 7628
1772 900
7250 6265
2727 6722
6265 7595
9962 2728
3174 2943
1229 9184
201 7575
1633 9209
1946 6982
2185 9177
4684 1978
4097 3971
1895 9599
4278 7551
4249 4845
5522 5703
1048 2819
160 7144
5015 5492
6599 2544
1064 5638
5292 4146
2809 6382
2845 1232
9278 1199
4086 8051
1731 1094
4587 8769
1521 8181
96 724
1049 5902
7709 2261
8309 3167
7255 9929
5303 5715
1985 3713
9626 4200
2083 8002
5703 1848
3440 5488
108 586
9794 2701
2662 5011
7351 5580
1172 534
7378 6906
2069 9595
2805 2199
5198 6067
5706 338
8914 1441
4158 7808
2301 9848
989 5582
8975 8067
2927 20
2856 4440
1029 256
3907 9234
5261 9894
6763 5022
2278 8570
5062 2802
5385 1356
6348 2161
7550 8848
6762 728
823 6030
7486 6693
8162 5379
907 7185
7693 4879
5232 7776
6885 4660
9899 1393
8115 4228
9532 8841
7659 6972
2632 3318
6835 5641
1407 8945
1398 3512
4125 651
48 6128
5480 8244
3153 2113
2132 6214
4080 4413
2703 3950
2326 4612
1202 6146
5583 9321
2000 5024
6685 4603
5849 7769
2358 8792
6107 7830
3100 838
5516 531
3845 7341
1763 6111
5819 3849
1143 5927
9248 8182
9609 2307
345 9830
2410 2302
8178 8972
2665 9148
5957 3141
1365 5612
145 5882
6498 3118
4987 6585
195 2576
4334 3781
3981 6123
6443 8146
6003 4867
3341 4295
2533 393
6459 898
498 1747
6451 8188
8306 8014
2502 6612
4667 6356
9256 5272
8705 2192
9715 4966
237 5822
6347 3596
826 2299
1669 8271
5370 1659
3339 978
2018 8089
669 3476
5442 5960
3661 395
3702 5290
9628 8092
8721 7099
1550 9426
77 9481
7586 5871
960 9219
2799 7200
4492 8027
5671 875
7802 680
204 4110
9227 3820
2176 6266
490 4894
1256 8819
2971 4441
8150 5632
9288 8994
7257 3454
3027 5043
900 5454
1912 2493
9402 9181
3895 7987
